100 5
0 625.632079426 81.7075256206 47.7695804259 354.760200064 85.1293185105 142.250409339 73.9424975002 181.508566176 191.874193407 46.670799989 616.879177395 429.216657748 45.8801221685 56.8608460542 260.524613914 116.45766905 73.6132823275 248.82665311 159.107154247 60.1107295972 625.316142495 199.168926309 132.18534933 166.2753923 595.979257926 557.355543067 190.390164835 156.224938277 172.63155643 81.3610612801 99.8802357409 112.657258191 252.961181372 143.471273771 155.250060619 155.224850301 62.9759819412 147.007504812 147.531020033 107.456514354 227.719881571 686.252190786 258.10745633 216.35416633 76.6286376092 175.148806868 91.5788133272 179.802649677 227.587192251 76.5367233404 198.615762424 89.1830916943 156.353392689 85.4186012477 174.149121167 156.951899826 152.714818076 76.878424844 211.624482964 92.8206505277 274.984320097 150.337757139 61.5871447122 578.287296853 60.4913813339 25.9911438605 445.607077791 76.3654760321 285.277892917 63.7620844826 145.834519334 109.79084864 213.801121861 90.016540251 175.450355451 104.809493246 678.966382249 236.611107454 177.515151831 160.045002003 45.4311150831 241.056786307 50.7521488037 122.958876301 28.342168827 117.385204835 260.938712482 619.760512338 276.768809484 245.517592425 110.925306837 210.662590863 251.104521283 128.746291687 598.280240963 145.947766842 54.6501835518 86.4569097495 167.947835752 151.190652468
625.632079426 0 665.585090776 641.378630857 751.47992144 697.947755176 494.71718504 606.077816398 501.164640391 734.11505998 671.283151032 871.161473652 1054.22041877 609.051552023 620.879072159 672.196437066 629.089413094 583.909008387 785.897017717 680.023403148 679.358030835 946.657851019 596.440103527 671.141901405 766.648457966 96.4840675278 879.067118513 815.942296044 525.235555477 453.813939378 548.910988937 535.931069693 691.644973394 379.456084476 762.035797637 768.847870327 528.099629034 657.452175201 566.158469113 757.232864804 701.945501838 580.966422514 1309.12976556 539.553062296 587.179322058 681.603783098 620.810002839 702.369308702 482.88148283 530.448622246 603.21915442 711.514556687 553.929908698 501.201479981 543.054420389 453.666561774 751.503057127 508.207581524 688.631289687 418.183110101 717.459294712 421.000008121 527.495064463 579.84060615 50.1355359106 669.099247521 637.668759683 269.99989469 557.643731207 894.805237263 637.544815363 586.715339237 687.67632437 411.945006194 580.098698213 677.532960881 706.392042115 887.404713059 842.889884253 450.967781511 765.223268787 604.513984794 827.786110372 670.826893618 711.977808588 634.450338291 727.50408342 561.28011878 1245.09170397 889.39512065 585.089529784 734.915851247 420.838851626 673.670767215 507.105211607 776.143225243 680.005860714 589.979826859 561.094736077 481.879056678 474.462522938
81.7075256206 665.585090776 0 121.011086549 279.333193255 43.4411001409 209.145817781 59.6047045987 179.780118286 110.208958173 84.0116791456 691.74468287 394.643502863 127.549998249 136.79396745 191.677268643 194.498831106 81.9195064114 300.320814044 228.260741887 102.944838626 548.040385414 150.984975527 201.367542803 197.317191104 625.339000415 481.523835011 173.751252121 151.984647924 225.656006642 150.228170878 131.292520047 170.775172384 286.164793841 101.880513761 104.688022719 234.10686709 18.8715240666 122.225510341 92.1539412102 157.536256726 309.260216948 664.684321649 339.57287493 170.402299517 25.9643175265 254.573372132 43.9163166743 252.918791066 200.663490125 158.052350104 118.387834245 112.33950106 167.850365657 151.377861123 229.842860689 194.494787362 161.567881802 122.301555132 247.864901441 81.1250670394 347.393049154 228.785902045 89.6467478225 620.417269017 117.04682273 55.7177159188 509.294634593 112.428886049 292.926405206 28.987623726 227.412672345 169.276967077 258.64632133 171.311571596 246.446455902 150.091519846 755.499301826 252.002785441 233.947437513 187.912971636 127.084194793 270.818420599 97.7125679921 48.5423229597 104.25476959 64.1373711084 342.645846394 591.887308657 223.815082091 326.972322441 90.1742881884 244.862120196 181.392527626 158.959068475 677.618591369 67.1479085423 134.98814258 164.20243311 238.303012111 200.160296804
47.7695804259 641.378630857 121.011086549 0 399.072624931 108.901473233 147.559155115 121.702994379 223.277605546 228.339724422 47.4938288081 571.683303991 420.912201482 32.3487688724 23.9853637481 306.748592713 73.7889522292 119.595032797 202.971943138 111.497409417 42.7877133815 668.731300292 246.937552292 84.4955579977 131.29691658 618.280121558 601.613589131 180.502801427 199.503996561 188.7893603 93.6490295727 136.173006694 67.5121023449 278.261394284 153.414034137 168.757218916 139.249469413 102.45007039 193.851845213 164.678094926 67.0895728085 192.939500532 667.758089728 229.132655024 264.070162004 107.781142241 134.26445423 115.705375396 173.752299842 273.536251083 48.4438420815 239.378198416 129.899402853 195.323319231 100.318782414 188.009662779 119.175419006 192.70907015 47.3300340095 236.820433815 98.1429788523 266.286078109 135.831472658 104.990405489 592.939149562 28.0144923311 68.9330863663 444.187922461 114.263675198 256.848717887 108.921036362 112.943421109 64.2047269514 233.55088963 70.6876722019 128.24561234 67.9428933892 634.787335488 205.96397361 190.512119505 127.290404691 37.0406367627 203.328033794 37.5682433979 153.753527993 19.428337817 137.824342411 228.635543854 605.320208527 284.081152144 209.973868797 115.7094231 237.047710043 297.099171296 162.445485756 556.772700877 187.827206318 51.4324328921 81.7765139094 166.685923994 172.077778302
354.760200064 751.47992144 279.333193255 399.072624931 0 307.068661272 437.116816375 289.280308506 294.052960987 189.334968655 362.858363547 970.722980106 506.310172877 398.856752043 411.609218115 102.168539538 471.133937385 305.582260525 571.763768716 507.587616062 381.11890479 271.171139817 190.158360074 480.69855605 460.36770588 680.220108566 202.610393686 390.019693087 286.005287583 422.801286285 395.258469282 337.771083602 448.993705747 420.482059788 318.753881447 304.117328355 485.865158053 297.187393458 251.850864097 293.624803561 434.048895397 577.316143096 779.635106347 598.72422126 187.299107532 298.565278739 529.690212147 302.059968934 486.984320143 235.275244318 429.34868671 164.988450389 322.877908485 317.358688847 392.172604607 431.022984279 462.380036412 311.149073173 399.620842255 402.956255827 342.469876962 568.877671411 479.682820303 324.453502782 717.84467606 396.231978222 330.523596905 688.019412817 337.291971017 516.65021832 291.035431417 496.627786815 447.809531322 428.694630385 436.366130488 525.756335282 425.439615195 1033.61743687 492.419316739 435.481942429 449.704225264 396.859193081 525.151386697 376.696668431 262.966631433 381.003964618 296.29147258 606.449383287 694.415426982 335.356754604 595.497766687 339.642357976 396.706690418 108.647738075 345.945107814 952.128879118 212.294203707 400.009652214 420.493219604 467.994957165 398.281125307
85.1293185105 697.947755176 43.4411001409 108.901473233 307.068661272 0 225.89990955 97.0043297451 220.52470654 124.127164318 62.7173672648 669.139917472 357.87168431 126.109147077 129.854459215 226.412503401 181.309194531 115.898977347 265.774331102 205.139160423 77.5156042767 571.618702182 193.46075272 179.326686014 158.304865352 661.277151407 507.269621466 131.092165425 192.681414234 250.456073451 164.93436229 162.088678061 143.617329577 319.593380869 64.1406539864 72.1773952172 239.25689387 42.0600996175 165.108747118 62.905999146 127.419832774 301.837669964 624.808091564 337.169272023 212.981752635 18.3772369359 241.753294042 6.82783901768 264.905388065 244.078914203 153.887896743 142.227875057 144.673709724 205.657225404 167.940610159 253.370454102 157.469408049 199.843335444 94.070310171 279.864249359 39.027455544 360.09886755 234.646989702 118.107431326 651.850995292 95.3049304425 63.8393471336 529.204365718 140.418897767 249.542801245 63.8958366953 221.516137308 142.963042434 287.47686794 171.888867849 224.201711585 118.487227261 734.694136129 209.277376467 257.13942796 148.364001296 127.387259908 230.176058507 75.8895307708 46.7505897975 97.2464049121 32.3596297602 337.420510972 553.515566959 194.627304393 318.813019646 46.7436517109 277.532669134 215.78000199 191.262432464 661.379735319 98.053395485 138.855628954 171.412182889 252.661795271 226.437987286
142.250409339 494.71718504 209.145817781 147.559155115 437.116816375 225.89990955 0 162.257612993 166.911852438 312.218959645 183.244771442 580.544461596 567.154336833 115.573290497 126.263074014 335.060843026 142.629274974 139.724333924 310.305997459 199.969310418 187.75059201 704.736330792 250.209229213 184.170805175 272.447969585 476.509452454 633.05589303 326.535092728 159.949747819 52.2560050296 61.025125568 99.4247074176 198.233004543 149.330383337 285.72046751 297.219868613 65.5434707916 193.809072535 186.243113839 288.796727625 207.396162731 169.246103203 814.82415701 171.541213108 259.213181464 214.126906607 161.315130185 231.930578876 49.8717406792 236.719002795 109.004169543 307.348909428 115.705631264 133.868369684 58.2093650248 47.0320897364 257.763078869 137.344069238 194.863843718 112.612129067 233.971849737 139.328868736 60.0402367398 123.963317127 445.945261641 175.542763231 162.194451113 303.442289388 104.47389129 400.470940179 181.341188417 116.392504147 194.237138006 97.4087321999 86.7757250245 204.400583448 211.675038587 632.830621481 348.678967463 47.7296495747 270.626881619 111.419246345 337.240330681 179.975847958 256.838375832 143.373225875 258.218846686 185.453213812 752.878033733 419.00984546 185.79347041 252.296899388 116.008174011 328.591494188 95.5006828911 537.455094537 256.927888641 96.8065276719 66.3954460755 31.2065116838 54.5979826401
73.9424975002 606.077816398 59.6047045987 121.702994379 289.280308506 97.0043297451 162.257612993 0 124.178044931 150.338415562 105.862735515 686.987150776 453.537521781 112.390721786 127.50300915 191.20609152 187.000199399 24.0068165219 321.254066622 232.829097619 124.608548987 560.429291105 125.245439159 206.007592918 230.483388746 565.952730706 490.996195134 227.128298055 96.4645094413 170.704566407 109.496564607 73.7553676281 185.422814117 226.628460649 159.828076634 164.005072448 199.665561102 54.9988638085 76.0225634281 151.699221578 177.804578398 288.035966409 721.801737644 311.047943406 142.453572573 78.9347350505 242.813220337 99.8428808786 209.749599289 157.832787141 141.833491262 145.738330794 54.2408399283 108.927405112 108.152483197 175.850508892 223.789371284 102.94098565 144.065239667 188.675657656 127.989883669 301.528865883 193.717429213 38.4765433037 561.070142551 131.174514385 58.5916638753 455.933514636 58.6783852343 339.166539125 33.124792596 207.595551045 182.808317396 200.720590099 147.134716421 248.756748344 173.303427526 747.584587072 294.272567465 180.163787934 222.616466007 109.594352549 305.863266939 116.225104765 106.381356762 102.275338201 122.985025926 317.640770891 650.103716867 283.328359889 306.218992813 141.537969641 185.50313847 182.503979231 100.064567127 663.377333211 94.6734118606 111.0793416 131.889561862 192.992312431 144.488496814
181.508566176 501.164640391 179.780118286 223.277605546 294.052960987 220.52470654 166.911852438 124.178044931 0 232.955052321 223.831337289 745.280819373 573.257115323 199.90344734 217.70171254 194.958891244 267.880468614 110.719413178 425.258038377 323.630935573 240.554966958 551.218837751 106.59370091 299.425289777 347.518750722 451.698468547 478.562322127 351.21286186 27.8488870702 135.895713745 155.304615146 90.1188297592 290.781383595 131.954525222 281.659434559 283.39510985 229.615207206 178.873962922 65.2165023032 270.094105898 288.338387337 333.259439435 844.464393073 338.41455566 106.754775963 202.208090169 309.928391251 222.700433725 213.434985997 70.4356422265 219.678036132 211.256922558 93.3859618998 33.6779779417 148.508654226 144.900513634 338.457588852 32.6135256913 258.293639865 109.042236983 252.062257784 281.535021817 223.486691902 119.922394 459.409272494 241.77937619 177.130404527 395.297348986 109.461564658 461.902646405 156.875512148 266.11144872 287.414902893 134.75763846 211.26169603 335.407269564 286.266477778 799.095086809 415.479858686 148.985942306 340.802411904 195.154859182 422.519723699 231.362584717 219.975771485 205.906616647 243.75944546 352.169552303 771.264323858 396.951156393 350.579849481 265.677415717 102.915748438 192.07025351 74.3813943669 704.366934097 179.611099473 187.4102895 186.013285177 193.725268355 115.920380134
191.874193407 734.11505998 110.208958173 228.339724422 189.334968655 124.127164318 312.218959645 150.338415562 232.955052321 0 185.344161794 793.241602784 367.460365868 237.650182709 246.059646831 130.569836748 302.09239932 173.811494432 384.019006039 329.244410665 201.470799871 448.419010025 149.96345504 303.288756052 271.576254904 682.519779144 385.548317406 203.818726197 209.449877805 319.2348565 256.416923616 221.585755359 267.606132032 359.769681699 129.766889342 116.120734053 343.219723471 128.900920648 168.029680631 104.753277811 250.823661812 419.08428803 646.218895058 449.756546984 166.409219777 120.766954193 362.603982731 118.143425189 358.656979832 218.46572345 267.997646449 34.0123767329 202.183154826 236.20455154 256.358793757 325.031803042 274.466021645 228.927445983 218.143200339 326.980144616 155.793353751 451.544688341 337.712847134 188.300567923 692.033050358 218.72722083 165.886904892 604.37329283 208.980247892 332.027827995 133.500595685 337.337413677 267.044843806 344.110526139 281.489718621 348.260226512 241.422395633 858.79058398 304.25295405 329.438252977 260.833961643 237.28058438 335.8776486 199.026367071 77.5179233558 213.06308197 107.961729748 452.788909476 566.255698019 183.723989738 436.677207749 151.060331851 322.487400008 120.215083109 243.564502104 784.411255273 57.1503589359 245.033796118 273.327493882 342.629290016 292.699253758
46.670799989 671.283151032 84.0116791456 47.4938288081 362.858363547 62.7173672648 183.244771442 105.862735515 223.831337289 185.344161794 0 609.319073889 384.68625729 71.2734508689 70.3208709755 275.369860532 118.643885269 113.332931326 218.804286147 145.090664827 19.560981862 630.356627199 226.165936996 118.545392228 124.823362122 642.554271026 564.640187589 144.758636799 197.412679193 217.658495746 123.833345946 145.90361783 86.8045791044 299.604679359 107.046478275 121.746594106 184.41183219 67.6582436782 181.882788179 117.237958423 74.6847402505 239.766087115 639.771965387 276.614778019 244.695872931 65.1528370217 179.044632455 69.3960006276 215.566200285 263.680731851 95.0122064916 199.846439508 133.695363344 200.790342171 128.946940956 218.553610086 117.976481205 196.621704139 39.4810076168 258.237746091 52.2351740859 309.717942325 180.494249974 105.191000676 623.672737618 33.6179172698 47.5666511864 484.830922698 122.289900625 239.602873247 81.933991928 160.358570732 85.2653088978 259.777696689 115.633072745 163.706381051 68.5700949523 674.014416242 191.878567398 221.683050811 117.377781126 74.0987511531 200.231311353 13.8802946619 108.893544915 41.053667677 90.4564969545 275.840186829 573.843293009 239.280315522 256.539082362 70.4391898021 257.322557302 265.189230071 175.073039671 599.192065395 150.605149896 87.9291511205 121.173130525 206.180007239 197.131446838
616.879177395 871.161473652 691.74468287 571.683303991 970.722980106 669.139917472 580.544461596 686.987150776 745.280819373 793.241602784 609.319073889 0 781.574083253 574.658539234 560.411939261 877.259363459 500.576389806 676.175448454 429.490708134 464.311792102 592.125197597 1239.61326231 808.175769563 490.785288401 539.381649958 913.064780805 1173.18549411 642.635494875 732.915441467 623.837947357 595.200480626 662.370419975 525.686989329 703.671520072 681.506402905 699.604625113 516.000840142 673.633061765 746.568862057 703.821413967 543.039631342 412.052424583 869.547480016 414.494537194 822.36260367 674.437339359 444.516189217 675.103248157 540.190723292 812.801736345 545.303107454 809.139687433 669.662153862 711.620193513 600.836512018 615.145547045 530.271010777 713.725786363 575.098500537 680.53446647 639.496804371 518.122707056 522.028822418 657.443066281 826.652449301 575.704148566 640.42289074 604.024133109 652.239998956 572.934889037 680.217175317 483.637241278 526.197034798 654.818816251 543.643552395 445.617610224 552.88073553 73.0931089934 554.065813837 612.556375312 549.843066963 577.397187243 506.97924099 595.446910277 715.738263501 589.967843658 688.39888395 396.937343489 862.519409241 765.273785739 394.934645879 648.484464889 685.940365262 867.951784311 671.101816549 111.196468988 758.889484701 577.20635031 565.231036187 558.483050644 634.793200825
429.216657748 1054.22041877 394.643502863 420.912201482 506.310172877 357.87168431 567.154336833 453.537521781 573.257115323 367.460365868 384.68625729 781.574083253 0 452.022954338 443.9883428 491.421603912 459.46333652 473.671320811 382.670127549 433.126640839 379.504975084 678.33084742 513.824274265 425.418053917 319.839926895 1019.1221237 642.706948784 240.645699731 545.743108842 601.838746717 508.502133776 519.506914934 389.698568615 677.20879256 293.944613617 290.085333932 555.399834473 399.514256515 511.34851633 303.195662678 373.046449906 566.743309151 278.950600583 615.137896795 531.741129695 375.172549501 500.418010225 354.15062075 593.914058536 579.215867504 466.117401839 400.844026129 502.494409353 562.379491148 513.603771311 603.107907177 336.555641896 556.185048949 374.570418043 637.017825925 336.839816494 683.446566421 553.183952373 475.39935545 1007.27788483 393.060185187 416.601835723 864.123498622 497.119624056 219.137549954 420.678695261 510.377435249 393.034222356 642.349793196 489.840993348 447.451743993 365.216149212 854.665292364 258.31055592 606.311740885 315.770578351 455.920634799 300.153825074 387.17878862 353.603155355 423.804027601 330.624855179 604.39020489 199.434504694 183.737342419 577.215506567 319.304930929 634.983488133 482.268571526 548.911173253 823.463416216 403.802905968 470.467670328 502.504398874 587.597873994 580.005306766
45.8801221685 609.051552023 127.549998249 32.3487688724 398.856752043 126.109147077 115.573290497 112.390721786 199.90344734 237.650182709 71.2734508689 574.658539234 452.022954338 0 17.798267146 302.881715791 74.8058097489 104.158673342 225.669229488 125.192723929 72.5703361473 669.776574048 235.833162757 99.90749943 162.499454641 586.149830014 601.306143256 211.396688995 177.980651075 156.511049277 61.6053436122 110.526757338 94.1273430695 246.839987502 178.025810953 192.020905085 113.803791695 108.765547304 178.239720463 186.207295853 97.4227067037 181.856239576 700.079379616 212.764587627 251.694986104 120.510519456 130.980283307 132.866220045 144.482825347 255.014528061 30.7878793459 244.324309172 107.683499302 170.077009419 68.4892194149 155.663536368 149.59487658 168.258266123 79.5922089376 205.514731108 123.501566361 238.445731287 109.598128267 86.8310395218 560.64527399 60.1099071674 71.8423977318 414.358892678 90.6475189586 288.841166897 108.699126411 99.9673468079 90.3806172109 201.448112646 45.7798573228 139.134922155 99.470506497 635.699104329 237.734727797 158.164707871 159.019397736 5.11669808841 233.069503616 65.4166847476 167.273581985 30.293089975 157.363471007 215.140242476 637.379957615 310.551386344 199.683054493 141.707242608 206.000186978 293.810998168 134.703210244 553.455746824 191.539422059 19.0837078354 50.6395310186 136.002240119 140.334720219
56.8608460542 620.879072159 136.79396745 23.9853637481 411.609218115 129.854459215 126.263074014 127.50300915 217.70171254 246.059646831 70.3208709755 560.411939261 443.9883428 17.798267146 0 316.847568685 59.8362697679 120.820284594 207.927562159 107.789712341 66.7593160596 682.169641147 251.853867731 82.2355678313 147.911054003 599.897272836 614.196844781 203.853869549 195.711119063 170.02637742 76.5572764183 128.279382766 77.4261363129 262.071692744 176.984001292 192.030444157 115.268963556 117.930122836 195.174285896 187.447622401 82.5097731057 173.220369567 688.564596379 207.318169689 268.046579466 126.680984177 118.35236283 136.681841898 150.183632255 272.497094342 24.7138337718 254.768259998 125.404215468 187.817976346 83.7864061691 168.510591786 134.332957166 186.041980187 69.5170480614 220.940508283 121.763766549 242.363946513 111.852077933 103.945849957 572.188399187 51.0302921007 81.8597305927 420.652920587 108.426958391 275.196329444 120.621708726 91.9479982528 73.5887450739 215.533222834 46.7349755258 122.234760585 85.7483882699 622.19129184 223.724497772 170.715616294 145.157322958 22.6351099359 217.108681282 61.3849809041 173.306937931 33.147115779 159.84283437 207.947200561 627.15824712 308.008226966 190.678203831 139.487236498 221.693005002 307.567261293 152.128590351 541.566800477 202.369774021 33.8297284586 59.8959889085 143.801681791 155.328534339
260.524613914 672.196437066 191.677268643 306.748592713 102.168539538 226.412503401 335.060843026 191.20609152 194.958891244 130.569836748 275.369860532 877.259363459 491.421603912 302.881715791 316.847568685 0 376.683540211 205.618197023 491.37437354 417.48088464 294.532691708 371.076499825 89.052706892 390.372506449 384.478666967 607.872137214 300.585952685 331.159248782 184.749151792 321.020108977 294.591972868 235.795978349 362.147014682 324.554543592 253.978270601 243.040152983 384.892925192 207.834224594 149.705256473 230.197611013 349.209622912 478.408412569 770.172892831 498.00408313 89.5498016688 214.362490779 433.764182277 222.67027242 384.932550862 143.466551157 332.835084959 97.218669461 221.313281992 216.265484646 291.17597001 329.149360103 383.82611132 209.855918678 313.975414824 303.930861426 264.620977361 466.863286844 378.669403434 224.642308336 635.353401901 307.706518719 237.853067541 590.22543036 236.199348481 459.481606802 197.85022058 398.635688189 360.467824024 328.771696848 338.002932467 434.860566987 341.623730692 938.56263845 427.677012133 333.624387973 374.323324236 300.426915274 454.502954329 288.850783321 188.161446269 287.924752751 223.83391726 506.443792905 688.134375302 309.113376037 496.615837382 265.971164246 297.85976049 10.8185460866 243.850880779 854.402623951 128.408073092 302.257059097 320.773967477 365.889675518 296.290573589
116.45766905 629.089413094 194.498831106 73.7889522292 471.133937385 181.309194531 142.629274974 187.000199399 267.880468614 302.09239932 118.643885269 500.576389806 459.46333652 74.8058097489 59.8362697679 376.683540211 0 178.675196437 168.176424487 58.4762125707 106.913088543 741.439668625 310.600846882 42.2327640999 143.435210373 617.119953286 673.742918748 226.167864955 248.34059296 193.685446683 114.660163816 177.868806314 69.7937190373 290.51416249 218.031965536 234.868596617 101.984707916 175.786576755 252.232816279 232.913225927 87.0096062869 122.556377132 688.400791703 163.868252665 326.298228322 181.425442496 60.5696514508 188.021654119 146.394582722 327.078655108 48.5069609573 312.875905076 178.922563145 235.998834546 122.086931837 189.488952463 126.960014208 235.412794823 98.1808240669 251.418126564 164.015293512 226.502187428 101.859814976 160.844563226 579.456450381 87.943594242 140.762889201 409.00296896 161.262317313 269.43097678 180.104673078 50.9882563213 66.430156299 239.664550734 59.8204526173 67.6392626642 95.9476133675 562.520865775 217.744862159 190.35861396 145.153473559 78.1658497257 198.709284348 106.02404481 226.990606962 90.4627881672 208.347683781 159.859394717 632.821312674 342.301664699 138.640828638 179.619862092 253.566876203 367.392217021 197.155284325 483.121885877 260.94804317 81.6032682525 86.0074426614 147.986359947 186.288240394
73.6132823275 583.909008387 81.9195064114 119.595032797 305.582260525 115.898977347 139.724333924 24.0068165219 110.719413178 173.811494432 113.332931326 676.175448454 473.671320811 104.158673342 120.820284594 205.618197023 178.675196437 0 322.178182193 228.298084315 130.639010974 576.326693802 132.249956251 202.068440978 237.695825811 545.452253772 506.180081225 243.725239438 84.0802751708 146.700728224 90.0065329865 49.8970642842 186.060932232 204.651073783 179.734456131 185.174697337 180.756755431 74.1772922371 74.5370150997 173.339159827 180.933240897 272.897948384 739.95807668 293.227338161 147.624246989 98.5237249549 231.70211636 119.534459148 187.957503443 154.096526933 131.481255311 167.62987378 30.5425265333 90.7132529966 87.6729746241 151.89102906 229.491821285 85.5043257055 149.080487979 165.979982346 143.27122217 278.743640317 174.661895127 19.0541096052 538.567163262 133.878420491 66.4110188575 431.951242674 35.3637658521 351.295105537 53.6404831215 193.962457164 183.075802308 177.131717011 133.254463515 243.052759365 177.753739883 735.532777965 304.775532638 156.217658033 230.610733096 100.528590518 312.980650698 121.620606742 129.606657239 100.657010189 143.880958332 300.966501457 669.340405862 305.610066 291.104258006 158.265399775 163.082881278 197.584257051 77.041229422 649.248243735 117.60474972 99.0100199573 115.157793028 170.698443492 120.484140111
248.82665311 785.897017717 300.320814044 202.971943138 571.763768716 265.774331102 310.305997459 321.254066622 425.258038377 384.019006039 218.804286147 429.490708134 382.670127549 225.669229488 207.927562159 491.37437354 168.176424487 322.178182193 0 110.348018914 199.243605225 831.017573949 444.576779998 128.774050839 114.083069492 780.785809821 769.487526733 213.370234226 402.244301712 361.763240477 279.492588245 336.195972846 136.169504602 458.68299114 260.441001211 277.881303949 260.854447051 285.784159267 395.795154821 284.652773111 144.232799003 215.824776375 562.680959462 264.883542199 462.78699548 277.011982829 165.222423103 270.264556304 306.338804826 476.273899689 210.857277013 406.868321933 332.207158282 395.743296013 287.046134661 357.309878929 109.553362399 393.871658255 179.326241447 419.514019274 229.311627087 368.354797481 262.722814832 307.9603486 735.827057328 190.128901023 263.381532981 546.384597881 315.796485266 163.726673324 300.619364452 201.005705339 139.102594594 407.614404571 227.375433841 108.855115107 150.526818828 500.365427114 129.604768587 357.967463059 124.962422226 230.562672053 83.4915559432 206.464061029 308.798677229 221.564916488 276.069274305 247.805887488 521.439125118 336.025900554 219.459247764 233.033524034 421.53101576 480.882111408 359.527960694 450.239650731 363.527946681 240.066407683 253.040768128 311.993861991 354.125155157
159.107154247 680.023403148 228.260741887 111.497409417 507.587616062 205.139160423 199.969310418 232.829097619 323.630935573 329.244410665 145.090664827 464.311792102 433.126640839 125.192723929 107.789712341 417.48088464 58.4762125707 228.298084315 110.348018914 0 127.855845368 775.441949234 358.023969884 27.1147504425 113.887517012 671.732988386 709.623765674 213.804024298 302.775118413 251.53390176 172.415176479 233.537588804 63.3591269079 348.564011547 226.373464762 244.383933667 152.361915401 210.637324303 302.790657683 245.808117351 82.7258436518 133.617443479 647.337375448 182.328142161 374.792524362 210.15180338 68.2129414862 211.263330049 197.915829852 380.207235764 104.434290177 344.931955476 232.615662751 292.447069034 179.912927875 246.983317593 97.5527999978 291.416893107 111.479671518 309.74071084 178.11651485 268.203914045 153.666121349 211.71812705 630.116947181 111.51236933 179.844627811 449.927256256 215.284937594 229.404334515 219.771999628 93.3243492885 63.0405130055 297.309711684 118.263383675 19.4346854828 93.2934370746 529.554984363 179.778104944 247.620627873 119.657913403 129.52446417 151.915318021 131.210508364 251.862799713 130.834061533 226.520296855 171.356111086 596.450510176 337.597800317 144.635404401 189.839808751 311.969477877 407.647879114 254.360839323 458.412161169 295.316252676 136.220714237 144.372057618 202.315708351 244.740497339
60.1107295972 679.358030835 102.944838626 42.7877133815 381.11890479 77.5156042767 187.75059201 124.608548987 240.554966958 201.470799871 19.560981862 592.125197597 379.504975084 72.5703361473 66.7593160596 294.532691708 106.913088543 130.639010974 199.243605225 127.855845368 0 647.863398461 245.654984351 101.83273505 107.070387332 653.035154701 582.581283847 138.860639233 214.557146854 225.611618163 130.480852747 159.906079458 67.9513473638 310.801964601 112.351415112 128.558259678 181.977034617 87.0328308027 200.548069279 126.034950135 55.144337165 229.290663971 630.26847173 268.326836292 264.134199612 82.673498154 166.453526049 83.8362571908 216.24528473 282.26945631 90.9884567318 217.460190822 149.088521283 216.309940418 136.323914894 225.763224657 99.2785959304 212.487217622 19.9252287435 269.288335884 57.436308818 309.060388837 178.611260029 121.010162445 631.333460797 18.9754100222 66.0359717133 486.557417416 136.446545926 225.40905951 101.457976083 151.991432979 66.6912870293 268.997149493 113.475385406 146.797888707 49.1007691059 657.338917052 176.504045273 228.614913496 100.27616259 76.4161345501 182.345927165 9.36158881741 124.25816023 44.9171024882 101.897451652 266.137654453 566.017187378 241.62554308 245.548277747 74.0951074863 268.773359233 284.300130325 188.52481288 584.021950315 169.062560877 90.9781193792 123.174736734 208.499381585 206.552274218
625.316142495 946.657851019 548.040385414 668.731300292 271.171139817 571.618702182 704.736330792 560.429291105 551.218837751 448.419010025 630.356627199 1239.61326231 678.33084742 669.776574048 682.169641147 371.076499825 741.439668625 576.326693802 831.017573949 775.441949234 647.863398461 0 454.669298999 748.848886481 717.350679569 861.831835365 72.8216542328 632.830843067 548.450201702 685.370492503 665.637753098 606.060846193 715.125948045 666.536688209 571.308408437 554.509453696 755.964050229 566.356318126 518.493380384 546.664198286 698.940183657 848.460246715 920.948496219 869.07770123 447.383885129 565.311080977 800.430837397 565.986372725 754.509474574 484.371607348 700.347703855 430.510539068 592.228000058 578.714795778 662.251376591 694.027628142 721.733620124 573.23119286 665.527565511 656.876696102 604.173159245 831.970620426 749.736064278 595.275974096 922.027872888 663.957120621 600.677265095 933.26557872 607.273236235 751.215253333 561.556203734 767.79186265 714.290985679 684.522524955 707.533033409 794.016671342 689.70754173 1303.4993712 736.9622594 698.355162519 706.476631446 667.874661784 775.240623858 644.235635794 525.598999738 651.061419178 555.905280696 877.293195161 834.433036092 545.155909204 866.646646309 598.345329826 650.32687917 378.764269114 611.199376972 1223.18738819 480.965186941 671.175478759 691.405399134 735.16155232 662.297135543
199.168926309 596.440103527 150.984975527 246.937552292 190.158360074 193.46075272 250.209229213 125.245439159 106.59370091 149.96345504 226.165936996 808.175769563 513.824274265 235.833162757 251.853867731 89.052706892 310.600846882 132.249956251 444.576779998 358.023969884 245.654984351 454.669298999 0 331.241669307 347.140438939 538.488311289 382.85941833 318.157893792 95.8692733753 232.731029998 215.888159662 152.411904153 309.621319948 237.712798335 240.543031359 235.519235304 304.149187803 161.39326038 64.2554132664 221.430139348 300.385041351 402.040022568 791.37649922 417.27881798 19.5892029227 176.894849308 363.840011011 192.255705503 299.904466237 69.1725993146 263.719009137 120.465392963 140.670928194 127.307260474 211.426069147 241.039437002 342.840468392 121.010471176 265.557329853 215.238451445 231.987028697 379.057679667 297.849756626 150.791118243 557.216038316 254.759024527 181.420161893 501.764511412 157.275482197 442.076562076 144.260149072 325.081578607 307.206889866 239.769755906 264.649205989 373.725452601 294.73454674 866.869778246 402.729031874 245.477113061 338.119851828 232.46178675 421.393812798 238.144584715 170.48707049 227.509250332 203.79207256 427.439031286 713.216447422 330.845429779 420.162674547 239.32232051 209.259848996 85.5384998697 156.715509778 778.594508274 111.474231638 231.213251246 244.366246995 280.508735839 208.533614222
132.18534933 671.141901405 201.367542803 84.4955579977 480.69855605 179.326686014 184.170805175 206.007592918 299.425289777 303.288756052 118.545392228 490.785288401 425.418053917 99.90749943 82.2355678313 390.372506449 42.2327640999 202.068440978 128.774050839 27.1147504425 101.83273505 748.848886481 331.241669307 0 106.12534143 659.285492418 682.829846891 198.680300274 277.87939732 234.629244919 150.784688355 209.534131706 41.4767364188 331.006995655 204.104218755 221.904893094 143.472823957 183.646610823 276.603808291 222.456333083 61.5144650109 144.327682273 648.464164194 190.806470695 348.141234079 183.688315018 76.8739784269 185.576577223 188.307667447 354.650711916 82.1437865198 318.355882275 207.589613487 268.819915394 158.336387414 230.805529289 89.3410771529 267.454952426 86.4901383988 291.324507588 153.987546086 265.576540016 143.703116826 185.839829563 621.463181767 84.9274788925 152.734011353 448.127511622 190.475644417 229.338038473 192.657463282 88.2016317285 39.9952088985 280.758762622 99.122919214 45.1685450212 72.0435489062 555.587125581 178.095655938 231.850923711 109.651614226 104.462583031 156.790934845 104.682014443 226.076681395 103.873565339 201.858112811 182.613539632 594.552239142 320.115608886 157.621683572 166.770877996 293.140765405 380.547906741 231.565844683 482.79632529 268.467703919 112.389482831 124.432529671 190.218560837 225.682603808
166.2753923 766.648457966 197.317191104 131.29691658 460.36770588 158.304865352 272.447969585 230.483388746 347.518750722 271.576254904 124.823362122 539.381649958 319.839926895 162.499454641 147.911054003 384.478666967 143.435210373 237.695825811 114.083069492 113.887517012 107.070387332 717.350679569 347.140438939 106.12534143 0 747.735449172 656.500683876 106.599412134 321.624176198 317.901736444 223.996419517 264.828118065 75.477098149 409.32721518 146.38803185 163.798551644 244.345760352 185.755578897 306.47119088 170.738901794 65.4102428709 247.243954617 545.735822643 295.335206232 366.222628572 172.172550847 180.602259207 161.812668185 287.120491763 388.289375678 163.522137954 296.126542728 255.428443948 322.507643284 230.977235736 316.147487397 16.7888461796 318.982590478 89.4238294173 367.96043384 119.861609996 369.933216172 243.40922159 227.740777891 717.523563326 107.256110339 172.389985142 552.434466138 241.783389006 128.15903813 204.059433716 193.260574881 79.3682171092 363.438392203 186.553153462 129.696058575 63.3936469295 608.977135511 76.2559956333 318.174848475 10.8880046468 167.515734756 75.4089744643 116.184261155 198.181245016 144.743495851 164.082527531 285.16006068 489.39355881 232.540177202 258.51820409 120.726335631 368.298592463 373.788113279 292.44924901 550.508338824 256.082865856 181.084672261 206.50319896 285.393219983 302.811671911
595.979257926 96.4840675278 625.339000415 618.280121558 680.220108566 661.277151407 476.509452454 565.952730706 451.698468547 682.519779144 642.554271026 913.064780805 1019.1221237 586.149830014 599.897272836 607.872137214 617.119953286 545.452253772 780.785809821 671.732988386 653.035154701 861.831835365 538.488311289 659.285492418 747.735449172 0 795.818318984 785.375456728 477.802636106 429.873869602 524.631291384 500.377300067 674.493785176 343.206816891 725.185664975 729.949290722 519.932421436 619.618891789 516.702052099 717.469510616 682.334101414 587.570858813 1282.16286382 551.445108907 526.97334158 643.964415688 618.203152359 664.982065689 474.462142343 470.210040752 585.159307005 657.13036358 516.804691575 457.674557427 518.033341285 431.660889849 733.624191001 464.201800533 664.660424153 384.377148775 685.024946104 429.380446864 518.190120135 544.371747465 105.805942091 645.120258427 604.480280679 310.718309476 523.350699872 874.950010788 598.592921177 579.78617819 670.497848053 384.729574168 563.285146072 672.007576802 685.432481371 935.963272286 823.613539215 429.795115837 744.975215266 581.297409077 813.742473543 644.048784054 669.474380648 608.728129632 688.906712683 573.615631568 1214.01595084 847.451326573 594.533724285 701.613927818 385.613909061 610.547734127 470.770195252 824.356880404 631.026354793 567.21307884 541.496102136 469.534255774 446.654072027
557.355543067 879.067118513 481.523835011 601.613589131 202.610393686 507.269621466 633.05589303 490.996195134 478.562322127 385.548317406 564.640187589 1173.18549411 642.706948784 601.306143256 614.196844781 300.585952685 673.742918748 506.180081225 769.487526733 709.623765674 582.581283847 72.8216542328 382.85941833 682.829846891 656.500683876 795.818318984 0 576.521988945 476.165298215 612.94018275 595.084747829 534.673376125 650.245094953 593.790982599 511.457555616 495.256777081 685.151604871 499.556121094 446.867479289 486.497993068 634.669354074 778.813211213 896.197318937 798.3601421 375.113560362 499.907968934 732.208430633 501.8960811 682.763432036 411.566748312 631.717506416 365.246777917 521.222640537 506.28610651 591.509765426 621.6321749 659.9518706 500.873735383 600.705007924 584.068241973 541.12593958 759.499311015 678.901601941 525.188634388 853.210825248 598.141812769 533.124738047 860.68938743 536.541247476 698.20559685 493.641519977 698.578239034 649.222554034 611.739055352 638.110902292 727.947633132 625.722354822 1236.2258578 680.632141605 625.943419332 645.677844795 599.221719262 717.124764058 578.510268786 461.90874677 583.601701956 493.499032635 807.022638138 809.313539567 497.38063963 797.016317864 536.454361475 577.516289129 308.690377163 539.169445348 1154.30527799 414.383692543 601.992046253 621.33697114 663.349427712 590.04063255
190.390164835 815.942296044 173.751252121 180.502801427 390.019693087 131.092165425 326.535092728 227.128298055 351.21286186 203.818726197 144.758636799 642.635494875 240.645699731 211.396688995 203.853869549 331.159248782 226.167864955 243.725239438 213.370234226 213.804024298 138.860639233 632.830843067 318.157893792 198.680300274 106.599412134 785.375456728 576.521988945 0 323.410866829 362.41524403 268.271208267 285.413819633 158.573732677 442.182721614 78.3633172667 88.1812966289 317.027100619 172.349096727 295.959495192 101.024936536 139.589405427 342.934508663 497.090671631 388.396092639 337.694368151 149.465726968 275.514399249 129.83713602 354.026863775 373.666009376 226.629734881 234.844135261 270.135901081 334.424486807 273.605949291 363.258225839 119.838211243 329.033322906 134.875142484 401.179954969 100.775892382 445.125340683 314.375258937 241.833637143 768.415190118 152.825449617 181.100889227 624.48665588 262.175240262 128.40123746 194.343902511 276.823471231 161.219762941 404.189096893 250.147605031 231.609837404 130.240258046 713.06374292 104.186117384 366.331662764 97.535495403 215.275426649 144.123485127 146.578496924 148.362846781 183.233919852 114.386811003 381.220507541 429.386574656 125.95430776 356.229602824 85.6276319948 399.771260208 320.405391447 315.071887427 656.880811881 210.250046873 229.822886173 261.926049659 347.130587548 341.566318474
