100 5
0 533.365408086 46.8550412374 222.098473103 97.7302987011 136.243035938 209.215003145 113.183379998 214.91761045 114.090187386 198.783871924 45.444760436 90.1445672563 142.544010403 91.3251539658 233.613702995 148.276788887 167.949365529 213.587414902 387.702043499 269.57080407 276.071898184 26.5617106499 246.348377052 254.689536195 615.442610918 657.973284649 103.406634983 258.949846189 84.5845235433 96.3540508979 232.975916269 585.227879566 101.612003995 149.299700995 179.263116501 94.9238120751 208.769456622 183.202998046 170.178378425 143.135530905 53.613246534 585.128489494 121.217242968 593.741714114 243.24760672 142.676140081 174.143843991 121.215520257 254.27100252 179.607011055 223.523292533 165.836201416 254.654121593 71.1774223866 376.806488642 83.5624861587 229.541048825 150.629930435 166.45884954 545.356934592 208.942557699 71.0032724807 110.906935064 111.393551161 173.868091337 281.029105006 96.7200255106 49.3872401281 34.2090212435 83.1805927631 35.1088376404 108.456940916 159.758240697 86.5538013624 140.203525496 198.072192631 229.888892685 34.7094844442 165.347285322 353.031099379 102.88630258 600.292966859 29.3307513446 91.0514159392 143.863536893 253.036565717 44.6758792317 537.733924172 74.6136081115 159.770796775 207.361592191 83.2464295199 59.2287730968 54.6861304521 21.5596234697 128.696237636 673.536024995 309.497321855 240.455848767 62.6663499929
533.365408086 0 497.031413951 342.665501285 440.144725294 660.119843496 373.051510972 495.416913456 410.293567285 637.166296055 704.819573962 558.783155146 526.503979257 409.300915141 487.376175427 560.947747541 674.756147755 700.840043017 671.182101074 598.450404044 281.934219006 447.331520786 532.764847527 630.648191731 379.102153585 1148.77182388 863.369716462 436.233696375 525.311622584 511.320638996 457.377757038 738.914529622 883.53253606 553.385579115 561.775256888 691.114925537 438.809476136 738.333948344 644.61751721 371.545096114 675.179273361 492.208623432 747.323883704 619.743843856 1125.81386787 772.048363257 419.476962972 360.878790977 650.30519971 688.786259248 550.717902629 359.448338894 373.632243298 457.112429535 597.226272474 898.473774638 575.930874104 400.850538002 389.048918787 681.490311509 817.845756423 689.596177738 602.948394309 631.917925116 605.915815243 380.038504105 252.358368818 437.398315012 500.657585512 500.653740046 540.532109108 567.562565528 453.747072992 515.83038403 446.820974643 668.530096517 718.032027838 482.58115297 528.909508779 453.004504358 550.901569042 539.109136167 688.704972971 506.436215133 478.144333841 412.686329733 784.847561162 488.962866884 1070.9881062 555.78950738 374.594289303 740.710720818 505.450784437 562.811884663 583.243377159 553.626983189 573.099648963 161.773672914 832.139632763 443.079577746 511.63693875
46.8550412374 497.031413951 0 176.878203174 56.9052495392 163.806400768 162.632505869 74.552229384 213.874173904 140.772240484 217.178192423 90.8334465581 64.5636332468 97.2171811368 48.9013916192 261.429893606 193.429897875 204.964225132 214.121233283 354.142336236 226.976417929 283.613858139 65.741773934 283.415997055 249.483465206 652.78850984 688.920410268 86.1006706141 223.080761519 51.9251865153 93.3549055874 279.734203416 622.716835952 138.151575427 183.334227641 225.982574272 61.1748754922 241.327555619 227.190073716 128.188465017 185.584048408 61.7464765828 553.716672716 132.605836725 628.803743096 286.648705165 133.820465509 144.185088771 165.88655409 250.402604433 209.156848446 210.611212872 140.770924145 211.702444722 100.199482473 404.743040036 87.8840190577 227.320785889 109.220914162 188.726434967 580.047716291 255.085763037 115.114336143 135.943022974 119.865547978 128.954025702 245.822802036 70.9334367138 7.93866974204 38.4915229357 117.972486008 74.139272319 61.6174637833 125.87856489 57.6399234746 171.522166644 223.731537257 189.455333261 70.3032791302 172.133372863 372.580391559 81.2604105642 563.589380454 41.1319154334 45.9760768725 97.8669354327 294.60942446 34.0568492237 574.813210327 114.955859598 129.442917901 246.528273524 47.7082383294 103.529155076 100.974071157 61.1021795271 166.933836084 641.420954112 337.612619522 196.359309052 86.8840152431
222.098473103 342.665501285 176.878203174 0 126.143421454 329.122667535 32.9186380471 154.691508658 247.451585351 307.002500674 365.661235145 261.02804807 188.421020778 79.6812806678 151.792718456 369.702228744 370.131705442 377.89211291 328.531292508 318.710769927 60.9279935737 326.077239512 233.067582173 416.726679474 257.09825113 822.17967362 782.192703745 161.042269783 206.363612259 174.883627538 190.668331589 453.521874943 743.544969569 286.840875334 319.276436762 400.241921243 136.3106931 408.699160903 385.601752856 60.3641072109 362.15353272 202.540430361 510.394104384 282.450555859 794.569584519 463.351396555 185.470967295 114.114350906 342.705872623 347.623220268 329.968943284 204.48453455 134.200409111 146.128022754 271.868725639 560.636605238 241.091643605 252.339967585 78.1072909805 345.601378472 690.910712105 421.182589217 291.959716476 301.033022132 268.703443241 48.2865298472 121.382698257 147.194508576 177.470529339 197.339545792 267.558499664 250.852555044 120.309038875 173.854926227 148.048489967 340.226128539 382.780015202 157.582077273 233.390413337 244.847555389 441.683111205 199.085822536 490.068908059 203.125735842 144.412862407 79.4682025506 470.347364636 184.810265329 744.144364183 274.186559439 114.123923324 420.711295853 169.774071712 270.769208478 276.772352185 237.979582858 314.836789699 498.582460634 495.616109456 125.95581771 231.348644896
97.7302987011 440.144725294 56.9052495392 126.143421454 0 220.34384216 118.599594895 88.1687462487 187.647140709 197.325411885 270.894854501 134.906622887 101.098177192 49.0198310595 64.3294510095 268.730452537 245.865902451 261.636992268 258.322656594 355.033511647 171.853424048 264.175131589 106.926899609 303.917427183 216.883152903 709.592659535 694.587472606 58.8606001017 223.62691038 84.4788302077 82.7344556545 327.438468393 639.811824931 165.155335088 203.324640959 274.274549697 19.0817135958 298.192990072 262.226203857 72.4749026414 240.426567826 78.9659335479 555.770704901 185.315901013 685.705451058 340.915895862 105.985705666 91.5921037249 218.936361876 290.30235474 221.329957341 171.450443335 93.0026604368 195.024820141 157.101422664 460.690969183 140.190549291 199.013244863 53.0184299834 243.99415708 592.481671773 295.882740432 168.652112936 192.304099392 171.918164379 78.0383988151 189.236488193 37.6091465342 60.7347721838 71.1968082509 145.050982 129.486384428 42.1369480215 138.221412893 28.7994633876 228.387497003 279.616522693 181.39321771 107.400394658 158.483863083 365.541775351 117.805950181 555.884561529 76.9873123839 53.7551867426 53.0474252771 350.061456234 58.6895621069 631.636889007 149.35045348 77.2057473504 302.827550278 78.0412364983 144.711229861 151.928452155 115.830699766 194.074432452 585.247887923 393.713449465 176.349369149 108.839524514
136.243035938 660.119843496 163.806400768 329.122667535 220.34384216 0 306.752470576 179.211363735 345.645277584 23.0341733318 70.54502435 137.525186941 142.823833765 253.164351633 177.334505191 323.489702033 106.797953927 59.3911181946 126.341474556 380.060234866 384.982654885 397.411826322 150.093237266 306.261268898 387.143139883 493.074747023 719.701186326 239.328531873 274.933606231 154.614618757 231.634641246 196.922922724 623.057813696 193.498413541 235.263631095 154.509174288 224.223951397 79.5775262762 216.834519434 289.070968659 79.212623234 188.722688922 558.834271083 57.4194292066 466.597295561 158.478811229 278.225030054 306.80715769 91.1386179956 170.133824343 271.760644331 359.213793494 300.68530614 303.223540341 65.3919034943 241.501009939 88.7631991584 360.678173203 271.123670166 35.2698820274 596.295865532 212.693047382 89.4659826944 28.2891815853 67.8776441787 284.357894804 409.553946082 230.307357623 159.626413136 170.212817284 185.840678919 101.92981346 209.47420415 192.841838485 218.445413358 16.7597911448 61.8630227951 269.584358917 157.976837541 292.228725429 453.27773283 136.981019242 595.342822019 165.567224578 184.995623554 251.186748406 154.8154524 179.268313454 415.030311785 166.676021894 292.114023117 101.532468721 159.432560731 145.653563816 108.913656684 114.736081441 206.729833487 805.197711396 174.201882148 297.449244986 187.30936693
209.215003145 373.051510972 162.632505869 32.9186380471 118.599594895 306.752470576 0 128.95548723 264.099469314 285.213526138 339.247328691 250.880546022 164.319699035 69.5820258532 130.47723962 376.720407941 355.494473218 357.883985257 298.482002211 289.699852894 92.614995467 343.593448456 223.442695138 419.016426455 278.032400999 799.071144582 795.073694112 163.517165417 174.19911694 152.237085238 192.673866531 442.157424304 750.606539066 283.470194135 319.575501228 388.473635166 132.492452415 386.173693735 380.823472619 68.4641099958 345.3409147 197.471609236 483.888838175 257.608155658 770.177531058 446.496238167 195.370319383 130.915273213 327.736209424 316.126780867 333.744083912 225.425786891 149.224959414 116.222778549 252.502568171 534.3105989 218.060937613 270.50935038 80.6057376738 320.983727632 699.964080669 413.825811752 277.043320273 279.021511422 244.037175633 45.7564214266 153.829210694 146.563097259 161.851360107 188.326784857 263.508703624 235.123624164 102.222512774 142.780179144 144.361846331 318.776562356 358.219854515 125.207291461 224.983464189 254.878213183 456.753899365 173.305750961 467.803408408 193.796777009 124.68511762 66.247656105 451.928445783 176.260819028 721.134986373 267.801197135 127.395822935 401.190263178 147.780353723 261.842389539 263.604489323 223.006883893 312.203391067 530.041225295 470.029671964 95.5430506643 227.206995757
113.183379998 495.416913456 74.552229384 154.691508658 88.1687462487 179.211363735 128.95548723 0 274.284429686 158.565122043 210.978966241 158.414750017 36.6453286827 89.9160238904 27.2092370055 335.694776622 242.120103383 233.081817167 179.808015535 279.738612889 214.101991259 348.853559932 137.175811314 357.254282325 304.90470773 670.373318789 763.343064824 143.177966255 148.528909051 30.3141684889 159.946490076 335.055365464 696.607806685 211.740111325 257.641577481 281.755954316 105.234637717 258.156045665 296.17150926 129.671757392 226.965633345 135.350749028 479.643945822 128.659652994 641.222162077 326.360386399 192.193613621 174.197176269 214.428833664 206.834811967 283.672275582 259.476948582 179.499068682 142.468139535 131.141079795 405.998185007 90.645307205 286.256454082 117.365527127 192.039348176 654.511178269 319.279857194 166.341149072 152.142453966 115.126508385 115.906404525 254.87986696 122.687491349 67.9758700936 113.022404874 191.844152587 125.242204779 49.9153570025 52.6745027923 110.1214055 192.249616788 229.273364634 116.70724163 143.100764187 239.507783284 443.947571054 44.462744653 489.219800529 115.567515692 35.7549115169 84.7516593811 328.872799193 107.020638179 592.498443864 186.855664778 161.027292237 276.752165649 30.0545451403 172.395928317 159.362690327 117.0707596 240.10464129 648.142995448 341.270685993 130.026400266 161.432587083
214.91761045 410.293567285 213.874173904 247.451585351 187.647140709 345.645277584 264.099469314 274.284429686 0 325.351034406 412.285553859 209.496412063 277.364605539 214.371563986 248.156365363 152.436664228 308.870714169 360.155060681 425.673713936 538.772293361 246.82799094 79.6644802654 196.106836128 220.467363544 43.1685426138 784.357053225 536.236479839 131.266088842 408.99995273 262.539977145 121.338782216 347.221348705 510.245620049 170.603776391 160.46594164 308.088823724 169.413882634 407.261411366 243.664905737 196.038077293 321.097718677 161.828466987 738.64621938 335.943066103 771.917622956 400.320769418 82.0921609227 133.695034846 292.388694537 463.726510029 142.230633834 55.3295606034 114.891699788 370.356099204 283.728142923 577.437202812 295.439851318 15.1704720454 188.678752684 378.600986236 452.489144772 290.401063974 260.367850442 323.320724691 325.439160033 220.806588356 197.24320416 151.608775315 221.717475829 185.558512737 167.580730428 245.562145792 229.638845451 325.6305608 164.278673948 345.31096202 406.626501785 363.832354358 187.885738674 55.9477047332 194.502841444 294.476604218 730.425672373 188.089848414 238.600910482 221.912363858 419.788144163 182.293183775 709.676117327 187.439640241 136.988190149 389.052325308 256.859032633 204.695563787 238.958703653 234.69950584 179.701900321 518.871827533 511.479422355 349.819464208 158.340001206
114.090187386 637.166296055 140.772240484 307.002500674 197.325411885 23.0341733318 285.213526138 158.565122043 325.351034406 0 87.5732615444 119.028586695 121.968674466 230.582420657 155.310431424 310.301088682 108.700339296 75.4585118834 130.10689437 372.214255278 362.457947536 379.189879605 129.315802019 297.735335931 366.478090062 515.37264829 713.161275962 216.844218245 262.154169548 132.97707483 209.974544949 202.676722208 620.379455114 177.796908111 221.452949364 156.357312215 201.220700858 101.921576118 210.741208154 266.235669336 83.6016649532 167.029319891 555.227475165 45.4469209805 489.338566783 172.886228191 256.506494075 283.855235476 88.0979177852 174.520264209 257.62016998 337.460467246 277.921020994 286.503561983 42.9359129601 264.415865572 67.9411478554 340.312039765 248.208692393 53.2557758451 591.280094997 211.600236536 74.1396342426 6.63868206622 52.3380179513 261.892389332 386.52707937 207.476532554 136.616805439 147.859318283 168.491699909 80.359306446 187.089881238 175.92590222 195.529984807 33.6912134293 84.1777007776 253.514066116 137.465295765 272.591972798 439.124908237 117.534325956 588.252773459 143.357168581 162.688587484 228.755843799 171.915387553 156.643398219 437.313259636 149.950439352 269.154384369 118.994337354 137.564525495 128.422127017 91.5549357894 92.7052876358 193.381001937 782.166570596 197.142672638 279.682469738 167.231044808
198.783871924 704.819573962 217.178192423 365.661235145 270.894854501 70.54502435 339.247328691 210.978966241 412.285553859 87.5732615444 0 206.541892399 178.347910204 295.612638585 217.512290021 393.807179919 166.958950786 100.922082035 82.342574403 353.965294935 424.663364074 466.728405506 216.204723806 374.002265507 452.981421795 465.49685704 784.522376856 299.071895181 268.542154032 193.554353855 295.131651114 245.964544587 682.702464616 263.928374068 305.753607626 212.217986205 278.265212502 80.1978755138 282.966773268 334.099038206 138.601193258 252.355622273 518.262429857 85.7461712702 432.992529766 187.167777751 341.32279485 361.15471743 157.336250859 118.917739004 342.275351407 421.93270296 357.70373674 311.033063532 128.573005109 195.0782695 130.739957326 427.167118092 317.858949538 35.2838805734 659.394783144 273.003412773 159.809883572 89.0301522802 99.4156994752 324.916105175 458.348260879 287.254332677 211.440754742 231.403319391 255.674389709 166.730962749 251.204561842 206.873527745 274.427931874 78.7470709173 36.8991882373 275.93418724 224.543074005 359.985793188 523.758389074 166.582635432 564.165691803 227.486664761 226.995602344 292.137357213 173.62083896 238.72774836 388.563000212 236.778566822 346.434042652 126.707448116 199.521005699 215.500035104 178.617405983 178.052582679 277.168922705 854.540639201 131.49870816 309.98741969 254.515023887
45.444760436 558.783155146 90.8334465581 261.02804807 134.906622887 137.525186941 250.880546022 158.414750017 209.496412063 119.028586695 206.541892399 0 133.209022675 182.507317971 136.739468058 199.558282366 116.021187083 152.729005469 237.116006681 430.352142915 304.429877462 260.187864712 28.0477000009 204.392823417 251.771549035 593.249336129 618.917268836 122.569945582 302.869217664 129.330702127 104.631525789 192.544082948 542.125832015 63.9232294295 111.660346504 139.558068639 127.348908056 198.597125931 137.798198548 205.741257763 118.556176562 66.5823788863 626.381352284 141.315868123 574.897354688 213.28210928 149.639598452 198.00971672 91.9575567355 280.074253981 145.336326824 229.189108444 185.687562683 300.094198889 81.6217673536 368.984090961 113.920085531 224.636495902 186.087058032 171.759891801 503.976210218 164.275074706 51.0462822473 118.313678014 135.002986606 212.830262899 307.235880328 123.325266151 94.3569257786 63.7843722914 50.3833396853 47.8040533373 152.083261854 203.637853173 116.774502704 135.963190506 197.555043579 275.066582279 29.9607127758 155.134674492 324.575287407 144.131506048 643.9820686 57.931204394 136.094921782 184.779405431 226.705757403 76.4016519728 516.258621624 34.5534057308 184.669161699 186.653598457 128.394493919 14.4854973593 29.476749498 46.2053108271 87.5851581294 693.462150754 302.515394821 285.858788503 52.584711798
90.1445672563 526.503979257 64.5636332468 188.421020778 101.098177192 142.823833765 164.319699035 36.6453286827 277.364605539 121.968674466 178.347910204 133.209022675 0 117.550337333 39.8503603045 321.58381641 207.541703307 196.442429827 157.266010416 297.595917235 246.578009127 348.107200693 116.261779425 336.438800117 311.530679895 634.75821538 747.538703392 147.262055167 169.737293715 16.6753712736 157.693779103 301.490772113 675.071014689 191.683907108 239.13214181 248.648623655 114.268193224 222.005579907 269.415475597 156.618386714 191.266833 125.103311527 495.12289959 94.0651132974 606.295515722 290.107408449 196.219521783 192.260436806 180.100118906 189.834660403 268.151633511 269.781724375 193.890703029 174.288988054 95.3531532372 372.754101742 54.1087218669 290.438798555 141.588083401 157.187933334 635.497033122 289.245629706 133.583220159 115.573078979 80.2920473444 146.572591133 281.81815875 129.024452797 56.6363714339 100.374639255 172.825226878 94.2603994152 73.409019733 70.6363229808 115.440207632 155.65895988 194.384703978 145.370744171 123.560165362 236.692568308 436.123243763 17.228924224 510.774208652 101.097987655 50.1329235111 113.824601286 292.295531326 98.3880216105 556.815821464 164.63286442 178.104688696 240.11594535 23.1426331688 147.638067024 129.286080771 88.5352464101 218.798131461 677.217358828 307.317907378 163.731569692 146.837400176
142.544010403 409.300915141 97.2171811368 79.6812806678 49.0198310595 253.164351633 69.5820258532 89.9160238904 214.371563986 230.582420657 295.612638585 182.507317971 117.550337333 0 78.101557768 312.281117721 290.462720212 299.693081779 269.715798099 324.683127047 131.902078328 293.543618924 154.768144863 351.118650545 236.616759541 745.829225579 735.272268774 98.1892299805 196.457801814 102.058666621 126.154862316 374.653152225 685.157806037 213.992995535 251.034011543 321.18671068 63.6269755924 332.501651382 311.246034176 39.7604793681 282.64993299 127.911016368 524.288997576 210.44615919 719.707093108 383.798931748 137.440340927 92.3621166092 263.024671012 295.883299971 267.027748187 186.324261175 103.925445347 156.730240819 193.662236837 489.265386631 166.92794584 223.471130645 30.0387788313 272.492253562 636.272602646 344.613926867 212.279605902 224.889708223 196.616398973 31.863969177 165.131769483 79.2297793719 98.0613936002 119.311538175 193.972390477 171.265500946 44.4467327788 127.733346795 75.3610082866 263.279967053 309.298930754 149.875700296 155.85941671 195.171674554 401.275789395 131.263378274 518.24256705 124.918760803 68.9108631686 7.67198067175 391.209506469 107.053741628 667.767344643 198.30440806 82.0968121056 342.133237442 96.150596345 192.962737291 197.230088599 158.318229116 242.810532875 559.734138574 423.178852737 136.646869561 157.697738169
91.3251539658 487.376175427 48.9013916192 151.792718456 64.3294510095 177.334505191 130.47723962 27.2092370055 248.156365363 155.310431424 217.512290021 136.739468058 39.8503603045 78.101557768 0 309.047823197 228.773199941 227.409916517 195.922932265 306.444620158 208.527416206 322.110268686 113.601076624 332.316834838 279.752243656 670.387470721 736.793706039 116.89619005 174.909993772 23.9581987848 132.827978443 319.520719367 671.616207399 187.009338496 232.178677643 265.82496104 80.0277929366 256.912013465 274.327434241 116.867976985 216.272501709 108.605374667 506.560882325 132.421234943 643.096182159 317.043106288 166.10046723 153.935462327 200.879509595 226.390027198 257.365920958 235.524700037 157.150757778 163.588259753 122.185935841 411.315450869 89.5453619973 260.403608329 101.753845245 194.825193763 628.729949673 299.816523309 151.109090094 149.281186843 118.585662609 107.98522244 241.979984543 96.8206609321 43.2185489254 86.9984162204 166.865348181 108.987011103 33.7132495161 79.8789569018 83.8846162031 188.689005314 231.81224244 140.569535498 118.829740348 212.444160217 416.738660932 55.0922510815 514.882356771 89.9974708357 10.754466077 74.8904438246 321.660456584 80.2623870676 592.351653402 163.222246686 140.100104274 270.721864158 18.1684352619 150.247380216 141.341586643 98.8485873138 215.710374648 637.519532676 345.426991792 149.130984895 135.365098665
233.613702995 560.947747541 261.429893606 369.702228744 268.730452537 323.489702033 376.720407941 335.694776622 152.436664228 310.301088682 393.807179919 199.558282366 321.58381641 312.281117721 309.047823197 0 244.131437511 311.705034996 435.516679382 615.430227209 384.637523032 127.681761664 207.090225928 72.6739664441 182.278702042 682.672201308 427.78628213 214.161673599 483.944978906 312.250350763 186.466048122 240.71858306 374.038587487 135.668797326 89.0427867167 220.580218729 250.559055471 359.374863495 135.971114235 310.522679993 267.172302145 200.445157486 815.143339084 339.732536368 678.662841245 313.599324755 184.70097852 260.432481652 241.235958166 479.02214705 54.3058805112 206.965833268 239.501328684 463.444458687 279.248367676 518.631746569 312.977299027 160.355229849 296.146504708 358.675061253 324.016188406 177.98549413 236.230834228 311.437701763 334.322508463 330.98270124 345.796107578 233.374589751 268.551012704 223.015679766 151.167258517 247.349613206 306.531234115 387.286461373 239.931424385 315.810257016 374.984195845 446.835387329 198.985176225 126.858747931 130.81548727 335.816608058 822.596754033 221.205857471 303.15985057 318.4499522 338.050116644 228.785560955 612.797037361 165.058985216 256.661629892 325.011328097 308.8101459 186.540752369 221.189857212 243.833523588 116.941413095 659.998784463 458.876829278 445.052268112 175.026715358
148.276788887 674.756147755 193.429897875 370.131705442 245.865902451 106.797953927 355.494473218 242.120103383 308.870714169 108.700339296 166.958950786 116.021187083 207.541703307 290.462720212 228.773199941 244.131437511 0 70.3876265731 233.06621387 480.207500962 417.524298407 342.017500608 142.757981249 211.408719601 352.036414927 479.610947907 617.724790768 238.522958664 365.811374663 212.224405702 218.846529745 95.6192385413 517.044000599 138.476824719 164.323546491 47.8738270251 241.164032831 116.057135022 118.769716201 318.172134326 28.4336631662 182.597260203 663.804145447 153.775023791 464.014943643 97.2971502636 261.598775034 314.029812794 27.8965477702 276.597177589 199.43559175 337.954306527 301.394476299 381.370589976 113.264764911 276.533817534 161.028012113 323.831710972 298.5444752 135.910865824 492.453516621 106.530885802 78.453044573 114.091040194 158.237596279 321.990212547 423.244722954 238.877632118 193.667879297 177.021875116 142.656396605 120.482153424 253.348034609 272.938151456 231.323325511 92.0559344028 139.144370547 350.767970537 145.960387085 252.956295492 374.464644107 209.881972301 696.444064177 171.052397861 232.207592708 291.296561212 112.404951089 189.48387622 403.375482571 123.866463738 300.663668615 82.5905316974 214.376854574 112.578613692 94.0025137255 132.532348875 136.820888236 807.950384362 214.987477153 371.269783979 164.649112695
167.949365529 700.840043017 204.964225132 377.89211291 261.636992268 59.3911181946 357.883985257 233.081817167 360.155060681 75.4585118834 100.922082035 152.729005469 196.442429827 299.693081779 227.409916517 311.705034996 70.3876265731 0 175.537408152 437.657950238 431.223109658 401.866209217 173.499953961 281.763987905 402.985956591 448.063615562 686.564507645 269.680027141 334.317177148 206.21578531 256.136266129 145.570163517 582.152970321 194.598775117 228.127240896 112.351432322 262.037278465 48.4055692658 189.15459697 333.049310904 44.5685775199 214.893317657 612.538395292 116.69734907 425.803426062 99.1081015992 301.975288546 342.061626846 71.4464459574 216.864247367 264.324009418 381.89996878 332.96353749 361.644725229 106.067263072 217.345749643 142.864391762 375.32071936 314.183396954 75.3418154161 560.297677779 173.648063302 102.27260808 82.0867893386 126.407698517 331.455812449 448.66192175 264.647387154 202.447265084 201.584251808 193.101894195 133.334687153 257.597055653 251.083214886 254.351985283 43.1338331752 69.6432306649 328.335702812 179.626614411 304.632930411 442.464115821 192.891272596 652.160763578 196.084625479 233.759529099 298.7093683 96.4588912016 212.618383589 370.186653294 173.077191045 327.717864964 43.6836018843 210.252015499 155.610747776 123.861798247 147.279119704 199.552942119 841.32650046 152.131329612 355.108533739 205.309825556
213.587414902 671.182101074 214.121233283 328.531292508 258.322656594 126.341474556 298.482002211 179.808015535 425.673713936 130.10689437 82.342574403 237.116006681 157.266010416 269.715798099 195.922932265 435.516679382 233.06621387 175.537408152 0 271.987721507 389.367847822 489.635095932 237.133365224 427.465952219 462.996926484 530.981351096 843.245858764 300.21614387 195.797507054 173.930383828 304.399705884 320.442516503 749.209596701 300.286767487 346.564823007 280.622704092 270.630615332 162.357947167 340.793263586 309.475302773 205.172235912 264.569619914 437.636212655 95.8698955246 494.084597542 268.0159894 347.522619384 349.495279587 216.582131969 44.4186674089 381.708905771 424.585733527 350.869270526 247.187127285 156.276565103 251.548855793 130.559689727 439.724568379 296.522703519 100.215124486 721.244192221 339.006002123 201.111817241 127.125076529 102.86040448 294.76455018 434.631850129 283.939446986 206.729114786 240.23249153 287.298428583 190.192276998 227.891336999 156.373328835 270.311565148 141.225134997 119.016706503 212.44502267 245.979816028 378.537604178 561.689386241 140.917645055 481.872564217 238.105626086 206.609672259 264.492154398 255.671113701 243.631542399 455.888375302 271.084862255 335.3698265 207.195410421 180.393407819 249.327877299 214.383941017 196.977756347 319.561923797 826.290888915 197.060620487 250.239176272 275.731386917
387.702043499 598.450404044 354.142336236 318.710769927 355.033511647 380.060234866 289.699852894 279.738612889 538.772293361 372.214255278 353.965294935 430.352142915 297.595917235 324.683127047 306.444620158 615.430227209 480.207500962 437.657950238 271.987721507 0 363.516678287 617.434387878 413.58614975 634.03364918 560.638629075 781.057700984 1043.05856937 413.891412892 131.921304678 304.406739468 435.812656066 574.883437601 972.477627263 489.051658184 536.077560891 527.081132212 374.106300424 433.136676312 563.910748226 349.575453055 455.812096826 415.029245471 200.773488484 326.780759935 737.854795325 535.215231372 459.501450555 413.267998621 456.631863204 244.96689563 563.274180332 509.235716798 427.766641858 173.57254963 372.946364822 501.668957789 325.421386803 548.14671511 352.081289217 365.033967917 932.909398076 577.274162499 420.445052368 366.438390119 322.065534906 324.179813496 436.751033724 392.641754079 347.227425138 392.629908676 469.8035319 387.561051115 313.511632001 228.691286404 382.433292231 396.794592311 390.090970221 174.939941505 420.503170286 513.482564988 720.360250451 286.303431522 216.338100167 394.860695982 312.836648701 317.069846937 525.597843525 386.683961336 710.567879788 462.228537083 405.429335786 474.806299026 307.237368383 444.833456922 422.215735919 384.658921492 516.388069477 759.637177923 459.820020745 194.451180229 440.963065495
269.57080407 281.934219006 226.976417929 60.9279935737 171.853424048 384.982654885 92.614995467 214.101991259 246.82799094 362.457947536 424.663364074 304.429877462 246.578009127 131.902078328 208.527416206 384.637523032 417.524298407 431.223109658 389.367847822 363.516678287 0 320.887512208 276.474418684 439.150114046 246.030641846 877.731006094 781.962505296 191.516172262 260.591807122 232.192660089 219.914033645 496.100556073 754.783625395 320.536183925 346.656330662 443.786921771 177.084292154 464.379483266 419.614464844 99.3936529703 412.140565889 241.179538425 547.827552524 340.555878959 851.404040454 512.763916937 201.932815563 125.23848617 390.744368373 408.460718173 351.413555708 196.031093712 145.849286719 196.050556153 325.321926346 619.326780387 298.041948474 248.080364611 118.98596623 403.308858276 698.679719653 458.521346258 340.503942849 356.724757488 326.738914992 100.670567469 75.4478077264 183.093700902 228.883024318 241.082485721 302.707687913 300.869871313 175.604087731 234.752845463 187.800995447 395.179366439 440.335001388 213.018918457 275.281799029 257.79313586 439.636502884 258.21838764 518.321771784 247.04719771 200.16423284 133.870200285 521.529703451 228.473007178 799.669236312 312.416329982 132.224542379 473.321789621 226.689748792 312.429611552 323.5226142 287.40531817 346.82767263 437.688927974 553.794832297 177.535908478 267.691886504
276.071898184 447.331520786 283.613858139 326.077239512 264.175131589 397.411826322 343.593448456 348.853559932 79.6644802654 379.189879605 466.728405506 260.187864712 348.107200693 293.543618924 322.110268686 127.681761664 342.017500608 401.866209217 489.635095932 617.434387878 320.887512208 0 253.498971746 200.054570134 77.4701926236 802.992300963 461.26054644 206.083536644 487.045643122 334.280159389 190.483514414 359.821813007 446.711323155 207.366243514 178.8915993 330.228463562 245.442223416 450.170270052 252.602233063 275.652450209 359.431603338 226.047667189 817.606833427 396.46850629 795.624327087 424.886549288 158.33016765 212.897063941 330.950725643 529.725733776 147.501540803 124.861744135 194.466789418 449.831024931 340.02786774 617.667878788 359.257365335 73.8220828853 268.265006256 431.911044916 385.500011657 298.233819748 308.542133676 378.233908967 387.342093166 300.465884985 263.554816111 227.128136581 291.552519292 251.038192183 211.795289266 302.525629269 306.311042655 400.979678259 238.977069025 394.29601269 456.072182412 442.551932397 244.719864247 111.795449537 119.16733187 364.872737093 810.086596595 252.364707377 313.118679541 301.029228167 447.236823426 250.298091001 731.014935327 231.41921229 216.630143173 424.528234261 328.99762422 251.870110304 288.499614878 293.666178424 205.297180778 535.728462419 553.825931006 429.349887563 214.529904705
26.5617106499 532.764847527 65.741773934 233.067582173 106.926899609 150.093237266 223.442695138 137.175811314 196.106836128 129.315802019 216.204723806 28.0477000009 116.261779425 154.768144863 113.601076624 207.090225928 142.757981249 173.499953961 237.133365224 413.58614975 276.474418684 253.498971746 0 220.701825695 237.177057178 617.695409774 631.517259184 97.2070402081 284.250199576 109.628547574 82.967616278 220.567635125 559.876622236 75.4702051868 122.908904685 167.603950622 99.3938193958 217.435602378 161.47464677 177.708244664 142.799800801 41.5069621624 611.376593198 143.007258181 598.117495584 239.749092535 129.343080253 171.899028417 117.568481786 278.607849713 153.053351336 210.107882774 160.692854033 277.111845207 87.7201357534 387.286627225 108.351725963 211.031098418 158.050000184 182.538644204 519.338227787 190.774750074 71.5885747765 127.215388872 134.341555481 184.904566221 280.794003324 96.119958638 70.4275455474 35.7547323978 56.6806230412 49.5922258542 125.893130033 185.243867733 88.9767574527 151.36764879 211.647468929 253.6619962 8.84661285082 144.23283408 327.26965252 129.366575339 625.585618117 29.9426637 111.678182806 157.244772289 252.118123426 48.3597422981 540.408995506 49.7068615003 158.232318632 209.916740764 107.65762214 38.5162444046 50.7623529536 40.2448984027 103.157213464 669.228819319 320.274308827 262.051154272 38.9823383461
246.348377052 630.648191731 283.415997055 416.726679474 303.917427183 306.261268898 419.016426455 357.254282325 220.467363544 297.735335931 374.002265507 204.392823417 336.438800117 351.118650545 332.316834838 72.6739664441 211.408719601 281.763987905 427.465952219 634.03364918 439.150114046 200.054570134 220.701825695 0 253.355609727 619.318787748 416.713208812 256.105935964 504.935395689 330.318250477 226.595776757 183.706281433 339.356221463 145.525068867 100.995434194 176.845397999 287.535109956 326.703050668 92.7161295537 356.420035217 238.11446502 227.599218127 830.749916055 334.172536039 618.423277134 263.287928951 237.290515441 313.922919645 216.678309094 471.842836347 87.7365668376 273.279188403 293.466957711 493.709132741 274.960828617 475.118243348 316.148915603 229.928386657 339.910993878 340.137133714 299.598085439 122.772008726 227.243041607 300.368071504 331.631757545 374.04990669 407.65607594 272.48092667 289.433436633 245.781214424 165.472917506 250.029856828 336.891306651 405.936072081 275.941218341 295.427760089 349.647010147 472.855686504 214.247084131 185.155072811 177.452639793 348.294852533 846.235144172 242.375904299 328.492339313 356.342825666 289.161552922 254.518817602 551.694686787 171.811407568 307.683240804 285.971478652 328.156508748 189.953397471 217.929836069 250.568752405 117.652159253 732.382129305 419.821113363 476.903103131 198.311388295
254.689536195 379.102153585 249.483465206 257.09825113 216.883152903 387.143139883 278.032400999 304.90470773 43.1685426138 366.478090062 452.981421795 251.771549035 311.530679895 236.616759541 279.752243656 182.278702042 352.036414927 402.985956591 462.996926484 560.638629075 246.030641846 77.4701926236 237.177057178 253.355609727 0 827.126002789 537.621582603 164.27031393 433.042232976 296.057055682 159.232481694 388.886184299 523.500355073 213.736735269 201.784877048 350.726560309 199.798045001 449.921680614 284.258611001 212.249480863 364.174950815 201.159629818 759.055208168 375.077950255 814.975445018 443.267400438 115.663479538 148.073994994 335.483406512 499.882065079 180.605142701 52.6842876395 132.904581322 389.313130537 324.445782606 620.190145509 333.489411258 28.28843924 208.569214365 419.666215707 462.813754649 331.09292112 302.755331586 364.201635549 364.107291527 237.695389813 186.272067915 183.139457319 257.156049999 223.966358899 210.654406039 286.339462185 257.925306436 354.832667951 196.480171421 387.310086747 448.399003578 386.283783212 229.171345361 99.1118643902 196.245942591 328.752092348 745.805647256 226.992720262 269.694149583 244.286599003 462.879340553 219.459825364 752.601387223 230.468097325 155.209521255 432.181738916 290.097757987 247.421394583 281.248020244 274.995217398 222.14723785 480.688700232 554.081292757 368.445090629 200.081807628
615.442610918 1148.77182388 652.78850984 822.17967362 709.592659535 493.074747023 799.071144582 670.373318789 784.357053225 515.37264829 465.49685704 593.249336129 634.75821538 745.829225579 670.387470721 682.672201308 479.610947907 448.063615562 530.981351096 781.057700984 877.731006094 802.992300963 617.695409774 619.318787748 827.126002789 0 890.097833344 714.902290521 726.736772982 647.446876241 697.636313262 443.246746181 745.044208517 614.723279687 627.53623752 476.46317325 709.989409223 413.514502422 550.423340139 780.531187373 474.958017873 659.018284346 888.043595184 541.94835489 53.0150178988 384.483706346 741.147968091 788.941613832 501.404495994 542.631085966 655.784096647 817.161354572 778.384205732 775.437935791 552.92760553 281.16370524 581.266501901 798.871331261 761.905971929 478.698558021 765.765575826 505.398270514 546.532648928 521.229648743 555.312072912 777.243706933 896.466579066 711.768884356 649.877740345 648.463317766 621.627991742 581.228918033 702.461225964 672.265463617 701.99618443 482.555420191 441.612658112 740.299683979 622.492259292 729.167172961 794.917493356 626.456033951 961.517674704 642.767621466 678.03354843 744.124267068 367.23400633 659.949770925 78.0625685123 603.325690092 774.829595436 408.228197561 652.426111307 591.706897981 566.933172779 595.158369323 605.134963352 1286.70477606 335.262091013 775.3295296 643.856118393
657.973284649 863.369716462 688.920410268 782.192703745 694.587472606 719.701186326 795.073694112 763.343064824 536.236479839 713.161275962 784.522376856 618.917268836 747.538703392 735.272268774 736.793706039 427.78628213 617.724790768 686.564507645 843.245858764 1043.05856937 781.962505296 461.26054644 631.517259184 416.713208812 537.621582603 890.097833344 0 637.67374454 911.703129182 739.175859991 611.854286082 554.910251008 148.38248085 556.620966951 508.696842517 574.460497168 675.917029297 726.050958058 502.906731031 726.794542692 645.975329046 628.208985851 1242.34654569 750.767949129 910.621098026 636.810041567 599.85516022 668.150286762 628.664471705 887.664510704 479.86102577 585.991978312 648.011054631 889.582459048 691.671515315 845.459128503 732.105029978 533.935407905 715.326453748 752.195602218 130.512431172 513.0873386 643.873979762 716.184123015 748.342454216 749.769497243 723.514723239 658.01774576 695.890226045 650.437929812 574.838861388 665.695823985 733.625220222 814.605935608 665.906304557 707.366529975 756.186310819 874.306793918 624.000907839 540.652420498 342.326102052 760.859578951 1249.99903183 648.318735652 730.940194433 741.975337165 662.673151502 656.539942688 845.130910223 585.022805817 668.689733374 678.982278758 736.02210025 604.718302292 634.429750319 664.983300194 531.343255455 895.851143387 803.588057963 870.580269097 602.153638929
103.406634983 436.233696375 86.1006706141 161.042269783 58.8606001017 239.328531873 163.517165417 143.177966255 131.266088842 216.844218245 299.071895181 122.569945582 147.262055167 98.1892299805 116.89619005 214.161673599 238.522958664 269.680027141 300.21614387 413.891412892 191.516172262 206.083536644 97.2070402081 256.105935964 164.27031393 714.902290521 637.67374454 0 282.465150151 131.889336089 29.6270281681 308.098014203 587.484277544 129.02008289 158.275895536 257.506131045 39.8034674232 311.89638803 228.133860551 100.691068822 239.990217618 56.0556039943 614.621765415 216.562241586 695.036440497 335.814768861 49.2779635672 75.7279332191 214.3199045 336.007613825 170.250371681 124.620527867 63.4979347987 252.282182861 173.969511143 480.208501211 172.837843298 143.699144661 83.8070167973 268.24699739 538.112098255 267.34174719 168.570272403 213.168609266 204.475549014 118.132906023 185.095437556 21.2676381817 93.5191007544 69.2173585752 111.453888279 138.432655769 100.720263115 194.981037672 33.0584383262 243.604848752 301.014024543 240.056556719 92.7707924453 99.6823971838 306.804081939 164.482161894 613.771200427 74.2107243058 107.439516187 104.558675735 349.063525058 60.4226760338 637.597948423 122.832343282 63.1208313857 307.022775643 126.02310788 126.97614285 147.969126863 124.951709096 155.629734226 572.107869001 412.893855955 232.985571062 77.6237596257
