100 5
0 396.081561567 726.942682306 118.196811396 78.0305598738 818.489665988 444.483251467 568.841002537 536.598362807 457.099015296 837.977522242 677.046638189 486.992097734 917.279610544 97.9087489431 853.256539022 919.956165064 938.429807217 153.318247983 390.627394499 678.125624616 445.330671082 587.743208763 189.99841136 695.002338907 661.161618534 641.861856477 391.172215328 741.972591009 578.446973819 107.72917311 701.244276994 196.993997304 422.289660242 669.200974187 314.568223241 409.475376032 322.010932746 534.133508496 967.684871897 330.621997085 177.083697517 862.420330255 884.530952248 253.079084192 746.515367757 298.281888858 994.243718514 580.362463298 635.07267499 54.4131539591 12.6097681091 513.457931583 159.048121532 419.928194137 385.811477365 9.97941928388 109.976789894 190.141139622 544.684660665 921.598937038 869.780190123 326.492676384 436.69097064 759.10692262 888.061466054 297.20120579 669.596413252 820.688270221 675.773701155 784.669955732 147.369760283 112.569472942 729.767440351 781.579713155 229.42334283 858.108855689 803.883614271 753.24317591 550.647503587 800.457587771 912.517827149 283.031573843 834.765706491 146.649090915 360.929679986 24.4141815476 538.354482677 624.9458704 667.083419032 874.829228629 202.40547999 378.657849122 689.972382422 202.112523984 472.24663182 725.418005041 592.791542391 520.602984945 936.383526745 641.343975359
396.081561567 0 332.356234107 278.123642065 322.691268813 422.957695493 49.7269430553 176.953596584 146.353637951 63.0846545137 443.361923092 283.181832468 92.5353084792 521.556096891 298.308961747 457.985914012 525.228684063 544.307173988 242.949679024 14.531242965 283.561562999 49.464829265 193.275922536 208.895897142 301.159183887 267.696218263 248.220254256 13.8779224251 347.94804036 184.116544721 288.56610967 306.450971215 199.091018108 29.5662550256 274.039125767 86.2306973101 24.7254176366 82.0464169328 138.166771684 572.891656532 77.6025340219 220.843289912 466.854327719 489.514014096 145.119201525 351.775399088 98.8911597294 598.983639553 187.030786097 239.199995313 341.773837392 384.684960021 122.896440601 237.150700799 23.8466684999 16.6907361751 395.145106112 286.109762165 206.184953472 149.085104338 525.682881805 476.215460009 70.1239525419 40.8706164025 363.336817269 492.906877539 102.720249698 274.762885054 425.168644546 282.315704955 390.848994975 250.417322631 285.031769541 335.716804125 385.932164516 167.137131527 463.560979129 408.634530504 357.291698364 155.773446377 404.736877889 517.742048143 116.940157122 439.574274909 250.268704231 36.1582345219 372.094890934 144.619460988 230.733479222 273.878681254 479.839680445 196.511670126 22.3513453779 294.414411312 200.378769472 79.9257283175 331.679890739 197.186254914 126.085532589 541.211880738 247.117932899
726.942682306 332.356234107 0 608.747944849 651.682952552 92.946743376 283.026828016 158.734125311 191.270091712 270.116276211 111.075434969 50.3494494792 240.227502621 191.575469847 629.043387161 126.656864792 193.037924648 211.952813529 573.663609938 336.567541893 48.8405207904 282.916817536 139.275123702 537.502810116 32.9131814277 66.5217336671 85.3643414184 336.050316933 17.0668777423 148.54270073 619.21504672 25.9886758805 530.482641467 304.973489585 58.6964335503 412.496964368 317.490803444 405.397444052 194.969077242 240.758504277 397.288843114 550.139165452 136.509767059 157.623771552 473.936107592 19.6420892001 428.726033526 267.403693375 146.671537886 95.5707618124 672.928241132 715.232077253 213.910736544 567.980054752 308.715967872 341.388720476 726.533892533 617.254736775 536.864474562 183.43010226 196.980261968 144.174551598 402.472318293 291.487881105 39.6710045977 161.238787462 429.867842291 57.6100685573 95.0557566041 52.3160368698 59.0761988283 579.929627 614.805733678 7.74558363995 57.9957885225 497.566343927 131.250198109 77.530793543 40.1741981994 176.632233656 76.6285078634 185.585801704 444.129077004 108.107580767 580.356398826 366.48460542 703.253858603 188.594668759 101.996926846 61.2079622337 147.916332952 525.022623283 348.485547319 41.0273363427 526.814046499 254.70083828 10.8184815857 135.629642226 206.548396037 209.524518412 85.6032226613
118.196811396 278.123642065 608.747944849 0 47.1650221856 700.30926274 326.341242289 450.700331744 418.497139642 338.92166749 719.786621039 558.866002132 368.810493823 799.113327077 20.3041246456 735.062543405 801.765064779 820.266989429 35.1768439776 272.461262713 559.929576226 327.277649934 469.546586958 72.5930104431 576.825139422 542.992733674 523.682667876 273.010274916 623.794757079 460.250171036 10.4677843483 583.047465599 79.2835307466 304.125042748 551.010910368 196.437592403 291.278793224 204.00793179 416.064406773 849.493229737 212.778005597 59.4095225853 744.240485334 766.334247305 134.950170736 628.319267086 180.096159867 876.047634783 462.178953515 516.956583523 64.402328985 106.600231551 395.319200159 40.9788370689 301.963763036 267.647437442 118.086841612 10.793912787 71.9878172804 426.544845246 803.469127744 751.645160897 208.848592789 318.638264203 640.956846757 769.865021579 179.080446975 551.400040445 702.506872207 557.608372029 666.506944381 30.5049106835 11.4069271663 611.587186144 663.411830016 111.242167232 739.920898984 685.690262106 635.135297222 432.461201864 682.297211717 794.325213158 164.966898564 716.570378365 28.7542688272 242.816569057 94.623546519 420.158318708 506.751384093 548.92718955 756.632614426 84.7932562093 260.486217181 571.803238659 86.0963470045 354.05041899 607.249915602 474.640877003 402.413320735 818.186923772 523.150424723
78.0305598738 322.691268813 651.682952552 47.1650221856 0 743.659503334 370.23086346 493.200839742 460.815775182 382.556666946 762.593395713 601.604083114 412.366151205 842.548923844 30.514534538 778.208233767 844.550430028 862.749636277 80.9512291424 316.296628526 602.937060751 371.513519493 512.722033874 114.248040021 619.518406986 585.628942444 566.425468138 316.873614051 666.472270002 503.404079479 37.9076281838 626.116347213 125.183285128 347.913435252 594.311564746 239.29474323 334.664404496 246.287542163 460.144143363 892.276079184 254.542988902 101.899022918 787.581056996 809.304016806 178.081082916 671.295922716 224.013612774 919.086070361 505.011652677 560.782259842 33.6175071652 65.5361115805 437.857094823 86.8461313609 346.473918493 311.507347746 80.6549926065 43.4652238651 116.971975363 470.329688522 847.110517416 793.966681413 254.113419659 362.887998878 684.551032424 812.911309897 221.946770076 594.540990529 745.846306946 600.207765643 709.039236474 72.2795355667 38.1111770548 654.295134325 706.882054625 155.601720732 782.674470135 728.868284187 678.931570819 475.898422971 725.811840709 837.141656129 207.629252992 759.684469617 72.7560525356 286.998337889 57.6926089385 463.270600027 549.735309569 591.463929888 799.595497055 126.731626775 304.304924867 615.306716151 125.207639277 397.236437082 649.846980991 518.326827923 445.832553367 861.207110196 566.100026604
818.489665988 422.957695493 92.946743376 700.30926274 743.659503334 0 374.061880872 251.354538426 283.904332128 361.390674363 28.241126646 143.246962038 331.498837479 98.9177327837 720.584393344 35.5721936308 103.685727731 124.439009595 665.171471338 427.867155731 141.052084361 373.511464385 230.945226527 629.421295573 125.824855847 159.434119226 178.052119019 427.326372265 80.4401698538 240.26661854 710.776179524 117.825095344 621.725038626 396.208427462 149.348636088 504.368731155 409.091787349 497.46471457 284.860057895 150.738515268 489.524730994 641.955494721 43.9315247502 67.5458429752 565.705925497 73.4271849699 520.213121334 176.093741585 238.953058914 183.87202854 764.343113099 806.877962505 306.297908343 659.448098236 399.175634421 432.684626769 817.865538798 708.646997572 628.348728089 273.923560336 104.044574597 64.049708852 493.036235414 382.133876934 59.9489066068 70.4615864277 521.724795859 149.201133334 2.23225753125 145.25755679 45.217298361 671.738030979 706.591080053 91.8469325071 37.1234581119 589.068985311 45.5337737778 16.098992122 67.1482379589 267.85303482 19.0294797111 96.1556472936 536.031549472 18.5520385863 672.037707058 457.637069602 794.678728284 280.39949447 194.129032689 154.149471343 58.1704594512 616.936896692 439.832843481 128.557609787 619.000027467 346.427229116 97.0259229361 225.796982054 297.910279647 118.498590997 177.869243548
444.483251467 49.7269430553 283.026828016 326.341242289 370.23086346 374.061880872 0 127.236395583 96.9031157412 13.4688909303 394.085544451 233.654822971 42.881979041 472.806621172 346.596190121 408.953014717 476.007452845 494.939175926 291.180295653 53.9362330074 234.197602507 7.25345735022 143.805802444 256.054203675 251.639951012 218.095495381 198.630581997 53.3658555529 298.489797529 134.598565155 336.804309954 257.173770975 247.663345376 22.3600336735 224.895576782 131.39148684 36.5267474754 125.436379221 89.9451252297 523.70070222 118.757178911 268.349878131 417.986223477 440.38150748 192.162064152 302.502446424 146.30957874 549.96932895 137.350627668 190.628364347 390.293933007 432.938515508 73.5731819294 285.435923223 27.1992252929 58.7330918522 443.803750007 334.597365133 254.356801958 100.20374096 477.127960397 426.727137462 119.592907244 10.5331999333 314.62370514 443.829577045 148.580654184 225.481656701 376.265294795 232.723676794 341.372061563 298.078169293 332.859267341 286.257502769 337.11325425 215.111597056 414.271967209 359.580263632 308.809155334 106.398863382 355.979352205 468.53383872 162.950888689 390.501109159 298.197699845 83.5754473947 420.629578472 94.9382111393 181.236266238 224.249649876 430.694748191 243.589422027 65.9282441174 245.514674882 246.538488385 30.7486237601 282.160060581 148.309342939 76.5286244285 492.150772005 197.638112648
568.841002537 176.953596584 158.734125311 450.700331744 493.200839742 251.354538426 127.236395583 0 32.5503667916 113.878618868 269.428604325 108.479088502 84.6985945433 350.20581845 471.004432323 285.390967616 351.363469864 369.606943396 415.708650776 179.554178185 110.310736499 128.396386984 25.2811562333 379.117536801 126.345266549 92.4423932553 73.3703025935 179.089283239 173.279114422 18.6038460677 461.160066624 133.532510818 372.930982208 148.368795666 102.941163582 254.273125405 159.982948153 246.952134253 51.2656172255 399.084375512 238.689279746 391.850466479 295.132425695 316.235872849 315.763562685 178.375872849 271.013256534 426.029878238 14.0669791724 75.6354918964 515.003987238 557.033310413 55.3830847931 410.079794684 154.033035996 184.351575145 568.670870458 459.401115136 378.977742562 38.9577562791 355.323462268 300.944842639 246.51310506 136.627025599 193.459089967 319.920167398 271.639848963 102.431948651 253.505919435 107.007887424 215.859031801 421.631355697 456.512455567 161.115525712 215.11431468 339.706332636 289.48560866 236.197530305 188.963664401 28.5229317348 234.095558926 343.965969298 285.830549839 266.841660761 422.193602274 209.582377557 545.298556903 33.3676120292 57.5889322803 98.2683346428 306.526311022 366.648640774 191.303799549 124.677679764 368.20594088 97.437552075 156.646524626 38.7384510934 52.2928350574 368.15937796 73.5757441131
536.598362807 146.353637951 191.270091712 418.497139642 460.815775182 283.904332128 96.9031157412 32.5503667916 0 83.4360266672 301.892674909 140.990003051 55.6807366923 382.755664706 438.800419037 317.926094303 383.804198821 401.938855862 383.55018352 148.091176658 142.858089479 98.8711764259 55.2291139808 346.788721817 158.824829982 124.919008512 105.910593054 147.656295682 205.727007988 46.3718879323 428.951858463 166.081309367 340.946427286 117.302423899 135.341714888 222.061435084 128.311659173 214.628154051 41.0432575419 431.517359236 206.277471646 359.561564057 327.682038623 348.732538758 283.547045827 210.912176594 239.030717406 458.522383383 45.4729229703 106.360109882 482.834461607 524.755932268 23.5192617922 377.944402912 124.02862881 152.858568495 536.514145396 427.2697957 346.8582148 34.9999381512 387.868113003 333.202701465 215.342694987 106.74890085 225.927173445 352.432186473 239.416763934 134.93313899 286.056061444 139.45089349 248.225653825 389.332920964 424.210669278 193.581957922 247.641006285 307.614325192 321.927856081 268.744252139 221.313339301 29.3137223388 266.623800862 376.41716075 253.566888891 299.376102112 389.950842503 178.080428326 513.112539296 17.6048657497 90.0246236519 130.674152624 339.023505417 334.327221929 159.712332333 157.009589689 335.770684214 66.4311795819 189.062245137 65.7450822867 28.7422815751 400.657118372 106.10009863
457.099015296 63.0846545137 270.116276211 338.92166749 382.556666946 361.390674363 13.4688909303 113.878618868 83.4360266672 0 381.190000221 220.607812901 29.9034251519 460.194815962 359.194374548 396.199366935 463.136525095 481.975398989 303.780874902 66.4871610439 221.276718374 16.8267766789 130.846303372 268.326873203 238.595503411 204.98454526 185.53526441 65.9563198356 285.484619982 121.602256528 349.388146796 244.305421704 260.407864942 34.8577704066 212.127321042 143.420615563 48.0054993824 137.112859615 78.0502003978 510.843438988 130.0228132 280.722013111 405.321321215 427.566610283 204.481514978 289.624811335 158.827797862 537.209042945 124.16598846 178.229479281 402.967059019 445.500363084 60.1076198442 298.058572187 40.6472005271 71.3071925906 456.520729991 347.273670956 266.958059422 87.7851700721 464.61329394 413.685103788 132.762085373 23.6053240521 302.067831945 431.04583329 160.69843969 212.621980871 363.589496989 219.618271679 328.346715616 310.480530753 345.299955864 273.253674758 324.493154788 227.67993213 401.366005605 346.823423684 296.376475626 93.5680011501 343.386945628 455.671403788 175.058506147 377.727644946 310.690287683 96.3683359525 433.301701535 81.7748858936 168.231560568 211.108227195 417.873858625 255.849816055 78.4436258684 232.884587611 258.521186527 17.3893690469 269.109526992 135.780298366 63.5704467814 479.370417737 184.641400002
837.977522242 443.361923092 111.075434969 719.786621039 762.593395713 28.241126646 394.085544451 269.428604325 301.892674909 381.190000221 0 160.989408502 351.2989336 83.6837554098 740.084369801 20.2268685132 81.9786817749 101.127339166 684.712994667 447.642959148 159.915941712 393.907486934 250.350547256 648.452276409 143.084501515 176.986309169 196.170596023 447.125717788 96.1709111617 259.616755384 730.253112072 136.917868015 641.556590936 416.047504056 169.372945209 523.483567719 428.54994894 516.31111731 305.7011778 129.708148602 508.113112294 661.121972302 32.3946030376 47.0625715073 584.941881916 91.5887654412 539.787407425 156.686306762 257.631079504 205.271946867 783.985311581 826.246885276 324.740035231 679.03517157 419.686391879 452.464132729 837.598038444 728.316348556 647.919230788 294.341763543 90.9513096778 36.419825773 513.484699624 402.491310232 83.6934150055 51.0718521153 540.85576658 168.610611085 26.4950001952 162.442494398 54.304405206 690.911475056 725.791035974 108.313619244 61.2904725023 608.621166836 20.2097970588 36.6349735123 91.9328148338 287.686805441 45.8567208739 74.5504352783 555.099699291 12.0689484409 691.37263897 477.558122494 814.308608778 299.653339034 213.047759283 171.237749378 37.4172679992 635.975519394 459.560115772 149.63484061 637.633738175 365.753836811 112.879992642 246.372855953 317.620897816 98.8893090753 196.642499679
677.046638189 283.181832468 50.3494494792 558.866002132 601.604083114 143.246962038 233.654822971 108.479088502 140.990003051 220.607812901 160.989408502 0 190.782134812 241.924860254 579.166955424 176.961605266 242.953452587 261.449571467 523.815743689 286.954266942 8.04500691292 233.842861057 89.9175941431 487.466797274 17.9877677411 16.1892700152 35.1867665486 286.451762178 64.9335344976 99.067794027 569.331008637 26.3219875394 480.781964843 255.437041261 18.3999934667 362.516672329 267.71552109 355.322006988 146.834322724 290.682514433 347.13559367 500.148307287 186.85884484 207.758234669 423.986637261 69.9776324451 378.94038824 317.553177413 96.6896584567 52.6100937734 623.103347707 665.29235155 163.754009476 518.153280656 259.676388272 291.772852041 676.738753356 567.452739506 487.038479719 134.855809839 247.291424207 193.078193017 353.230570473 242.359795828 87.133888808 211.443286605 379.888916418 13.9422933049 145.368654847 4.21140485658 107.744540304 529.936701542 564.817378972 52.7212020224 107.66042287 447.743803553 181.083760726 127.880242078 84.3450548575 127.457727409 126.534156273 235.538583363 394.122934002 158.410935026 530.423153505 316.929975606 653.418634392 138.884624848 52.4570196091 11.5657629389 198.048553799 474.991005507 298.832472718 27.0262063625 476.660527117 204.917593541 48.5052742137 87.9892909968 157.129360829 259.681072131 36.1213691002
486.992097734 92.5353084792 240.227502621 368.810493823 412.366151205 331.498837479 42.881979041 84.6985945433 55.6807366923 29.9034251519 351.2989336 190.782134812 0 430.314825658 389.085900898 366.296801514 433.240931698 452.107158209 333.673904737 96.3900573302 191.389665997 43.6995795798 100.967841283 298.124518051 208.768393202 175.213543089 155.748870773 95.8597421057 255.634021117 91.7400928512 379.277365659 214.407338245 290.311018323 64.7567456846 182.225134988 173.147411406 77.7111065854 166.656638381 49.1210855405 480.945785527 159.309199398 310.556819789 375.430005245 397.664155488 234.307372039 259.728983224 188.714449351 507.305913517 94.4954795428 148.472440511 432.867647691 475.383438574 33.6205472374 327.954862764 69.3681508255 101.210290038 486.423755189 377.174887266 296.852119876 58.1113642393 434.764573041 383.858412581 162.474821938 51.9571173149 272.2106877 401.142409304 190.455983729 182.722108057 333.696749761 189.841735392 298.508487374 340.323479091 375.153454303 243.402110742 294.614272251 257.570259524 371.477693365 316.920871636 266.57411477 63.6650681349 313.515452613 425.77431804 204.805169198 347.824353524 340.560407131 126.261520756 463.202023909 52.0848296231 138.377209176 181.370648069 387.971775579 285.644055767 108.342746697 203.007529428 288.174528616 16.7834793423 239.287248904 105.965724362 33.6802684642 449.466992625 154.78346551
917.279610544 521.556096891 191.575469847 799.113327077 842.548923844 98.9177327837 472.806621172 350.20581845 382.755664706 460.194815962 83.6837554098 241.924860254 430.314825658 0 819.381159174 65.349459556 28.0446693452 45.6746933892 763.965314933 526.653840704 239.93194662 472.141028305 329.850899433 728.306332448 224.317739616 258.091989666 276.862209483 526.107684424 178.036294503 339.173590648 809.579185541 216.703979569 720.450463735 494.990724821 248.242708803 603.254695191 507.945633479 596.373945219 383.397024065 57.777622083 588.442360539 740.8219628 55.0748800965 38.4949398098 664.569539594 171.953278506 619.022428344 78.8437253837 337.861635181 282.358766627 863.099952374 905.69517566 405.203299524 758.232019215 497.746685901 531.468986167 916.591168902 807.403542817 727.140926224 372.621289283 10.3467623872 65.9775008386 591.583941546 480.771775836 158.219801375 33.8302223619 620.607122713 248.118319161 96.7445177482 243.778110234 137.59277837 770.601025193 805.447212995 189.879756299 135.701717942 687.871223335 65.8529511315 114.044929053 164.473042421 366.692912504 116.831216495 27.0240076745 634.919670877 83.7784726038 770.873605642 556.377651499 893.435467668 379.304568211 293.040317809 252.658248197 47.1518638394 715.821925253 538.627165498 227.310429559 717.91488023 445.312493611 194.80842028 324.500105243 396.756848216 26.2709363603 276.765453037
97.9087489431 298.308961747 629.043387161 20.3041246456 30.514534538 720.584393344 346.596190121 471.004432323 438.800419037 359.194374548 740.084369801 579.166955424 389.085900898 819.381159174 0 755.347856913 822.062664085 840.570011669 55.4164328613 292.727318682 580.223513454 347.497804249 489.836508091 92.7152625149 597.126688478 563.295398273 543.983940034 293.274142488 644.096153331 480.541250516 9.85470021144 603.338730224 99.3278698451 324.390554071 571.292500237 216.741369063 311.568826853 224.300243149 436.292104682 869.79053793 233.048579508 79.5927279672 764.515325427 786.626422935 155.253373289 648.61305457 200.373855912 896.335933051 482.479421747 537.202562137 44.1473721288 86.3769400381 415.623322653 61.1721905397 322.152512811 287.912344331 97.8112936308 13.2992087645 92.2409008036 446.799725145 823.721561361 771.949265633 228.924296577 338.858068163 661.217066023 790.154196891 199.383656484 571.689117286 722.78259451 577.911355644 686.810033349 50.275951904 17.6444588264 631.888156124 683.680244812 131.51584001 760.2197875 705.974876125 655.378902453 452.73986168 702.562097732 814.62203085 185.265029506 736.857412584 48.9647204881 263.057585501 74.3267881897 440.452243027 527.04716559 569.230790557 776.925150209 104.983938229 280.755202561 592.072112494 105.846903759 374.344386013 627.552600428 494.900747095 422.694517967 838.476585732 543.446899934
853.256539022 457.985914012 126.656864792 735.062543405 778.208233767 35.5721936308 408.953014717 285.390967616 317.926094303 396.199366935 20.2268685132 176.961605266 366.296801514 65.349459556 755.347856913 0 68.1136631479 88.9941358889 699.944657947 462.686527497 175.285372438 408.52487325 265.535140558 663.996246154 159.242442495 193.093062275 212.020950138 462.153957709 112.757679333 274.842608324 745.53029819 152.092917556 656.59630599 431.041935825 184.072345894 538.957059488 443.790036918 531.94373716 319.977692814 115.25553671 523.894326735 676.585107526 12.1687088547 31.9738334094 600.352036773 107.015121283 554.978760421 141.01633028 273.249347942 219.083043968 799.161553269 841.600130801 340.539185227 694.23718045 434.231354618 467.506470798 852.719692639 743.470363692 663.128332964 308.906166826 71.8570280027 35.4923398197 528.091197762 417.137429519 95.4398708041 34.986257094 556.322745243 183.684203555 33.3422038532 178.695707408 72.4286762315 706.373766135 741.240675582 124.673822748 72.5799180215 623.83699299 15.9631811981 49.3759435115 102.719042806 302.631766785 54.5349994487 60.5841489899 570.607286604 18.5507399972 706.735129082 492.51393211 829.495086263 314.96554923 228.480307131 187.559997277 22.6808694446 651.513249664 474.637754166 163.602282782 653.411510411 381.054294886 129.537108243 260.80059165 332.660657928 83.230891468 212.134543829
919.956165064 525.228684063 193.037924648 801.765064779 844.550430028 103.685727731 476.007452845 351.363469864 383.804198821 463.136525095 81.9786817749 242.953452587 433.240931698 28.0446693452 822.062664085 68.1136631479 0 22.1977341308 766.690186835 529.598735649 241.875621773 475.766835486 332.307478147 730.420245742 225.032026312 258.924632488 278.138070352 529.079368508 178.084435336 341.57976179 812.231596109 218.836174317 723.518472487 497.994264699 251.19205079 605.459185223 510.524110323 598.273266945 387.424056772 47.7303094101 590.052749559 743.096200016 61.6679944858 36.1398848434 666.919405407 173.511954829 621.76094589 75.2389078309 339.607640061 286.731222987 865.960745251 908.224799174 406.69339018 761.011078908 501.526847812 534.419988696 919.570483699 810.290005088 729.89519753 376.167548881 37.4326924327 53.539449945 595.352420796 484.359972178 163.489259787 33.5449573009 622.831445029 250.526646022 101.455865189 244.359303637 135.726964576 772.885389389 807.765361871 190.25537572 140.628261289 690.597061323 61.877885359 116.910023063 170.832406966 369.6108442 122.632357456 7.53519430298 637.072661091 86.0468500212 773.350816646 559.502421134 896.284744725 381.627056474 295.022430159 253.131043549 45.6229212864 717.944344249 541.520773944 231.131383769 719.566701984 447.729540771 194.745324489 328.136843397 399.566086529 19.3085159635 278.618641868
938.429807217 544.307173988 211.952813529 820.266989429 862.749636277 124.439009595 494.939175926 369.606943396 401.938855862 481.975398989 101.127339166 261.449571467 452.107158209 45.6746933892 840.570011669 88.9941358889 22.1977341308 0 785.237544047 548.376922508 260.752420568 494.869628373 351.140145964 748.716425101 243.472949339 277.276484409 296.615251888 547.869119402 196.520833428 360.373292601 830.729904343 237.882222144 742.230696481 516.824215606 270.429220454 623.865407244 529.165025528 616.550235903 406.783512637 32.0204502734 608.206787661 761.457380049 83.4026641654 57.2469528019 685.351660412 192.588967861 640.386861157 61.0918615673 358.129416779 306.396027823 884.530653523 926.637626415 424.986529366 779.584097602 520.667568848 553.196791986 938.175196875 828.889971471 748.47101135 395.358033566 52.8372788069 68.9952535819 614.420403443 503.439713351 183.890574639 55.2009979387 641.234993206 269.556697506 122.221812584 262.658669275 153.760200598 791.238133055 826.119096865 208.745071742 161.076793371 709.179359892 80.931434318 136.962187523 191.50714453 388.562616189 143.459940159 29.2055765379 655.436105243 106.395582625 791.787989771 578.332091137 914.840277193 400.315304255 313.747035107 271.348484592 66.3145315716 736.250256838 560.26796975 250.758140353 737.661001408 466.366987707 213.019910806 347.443317625 418.428427999 22.7565653359 297.335851253
153.318247983 242.949679024 573.663609938 35.1768439776 80.9512291424 665.171471338 291.180295653 415.708650776 383.55018352 303.780874902 684.712994667 523.815743689 333.673904737 763.965314933 55.4164328613 699.944657947 766.690186835 785.237544047 0 237.311553529 524.839204854 292.101610478 434.442649925 39.5069679721 541.780168156 507.961178957 488.63580796 237.85796622 588.747735445 425.150115099 45.6306380981 547.947104227 44.3047752407 268.974599373 515.885177545 161.502405139 256.177843361 169.22262983 380.889999078 814.416598858 178.140775814 26.3452122377 709.102190859 731.236177028 100.06238361 593.227830321 144.966190385 840.93718145 427.126166533 481.789700072 99.296269878 141.771881669 360.333942863 5.89603094532 266.788923177 232.496349242 152.965380124 43.7636873525 36.8245199604 391.383949021 768.306576682 716.647989575 173.74068112 283.46216066 605.800680655 734.757329003 144.168711518 516.292935997 667.370029669 522.581278476 631.48001918 13.7136972732 42.8410220786 576.536428756 628.264588366 76.1076649604 704.8538283 650.570830308 599.967213506 397.330114244 647.145814372 759.246320339 130.143421436 681.456885245 9.61909312908 207.646427004 129.603290805 385.069376849 471.669516498 513.912147495 721.535856412 51.01771782 225.340380004 536.656634477 54.6017581593 318.96281299 572.217660556 439.484356474 367.287445092 783.080545849 488.071728468
390.627394499 14.531242965 336.567541893 272.461262713 316.296628526 427.867155731 53.9362330074 179.554178185 148.091176658 66.4871610439 447.642959148 286.954266942 96.3900573302 526.653840704 292.727318682 462.686527497 529.598735649 548.376922508 237.311553529 0 287.727090742 55.5565176791 197.292606541 202.133137843 304.940343606 271.249129577 251.831972488 0.73562088252 351.863375562 188.029531082 282.926554299 310.77642244 193.926775664 31.6638442441 278.614440846 77.7111486843 20.0873996553 72.339562003 143.857495015 577.310370395 66.6894793243 214.413763583 471.79679628 494.047358246 138.235187146 356.090001036 92.3898808961 603.695965512 190.361773318 244.549250676 336.481913092 379.050629858 124.585748779 231.582029243 32.3995296472 4.82126458008 390.033698162 280.787756369 200.487268545 154.10660316 531.023759622 480.006107888 67.4272501969 47.0454393045 368.498199881 497.531404207 94.7811802629 279.097490082 430.067100615 285.885638374 394.697941044 244.142736043 278.928751301 339.63557265 390.95303577 161.220541908 467.812532109 413.310584151 362.727471878 160.055047569 409.835983075 522.13731438 109.145384806 444.214285458 244.278633806 30.0285100874 366.816888995 148.069686345 234.635449359 277.3178514 484.353408955 189.672929262 11.9920318449 299.345189363 192.782277445 82.1537372371 335.440161212 202.18459757 130.044107125 545.856102667 251.047293135
678.125624616 283.561562999 48.8405207904 559.929576226 602.937060751 141.052084361 234.197602507 110.310736499 142.858089479 221.276718374 159.915941712 8.04500691292 191.389665997 239.93194662 580.223513454 175.285372438 241.875621773 260.752420568 524.839204854 287.727090742 0 234.136566043 90.4346063465 488.738370553 19.1983963312 20.2207138055 37.1653381617 287.209796144 64.5263448045 99.7042268974 570.396944631 23.2283069701 481.643291431 256.13369483 12.4852195993 363.714964101 268.662777309 356.663019333 146.438420472 289.59349328 348.613241976 501.35456508 184.866896383 206.411231822 425.139706848 68.3897689577 379.895216282 316.163965332 97.9692097951 49.3019116329 624.098826664 666.426325097 165.287814913 519.152258749 259.947362872 292.548276924 677.700257962 568.422853063 488.037084102 134.742888149 245.014066615 192.755911242 353.670153613 242.697643658 83.6302656007 209.980575491 381.084196333 9.36445764684 143.2081822 12.210975989 107.421027417 531.144837479 566.018172154 52.333814782 104.876816509 448.739188376 180.089296055 125.989098899 80.0934760347 127.810872508 123.844216276 234.420106132 395.355723261 156.753001323 531.551485947 317.645031828 654.425668931 139.771293814 53.2023789351 17.6675316895 196.707303208 476.25662068 299.645868873 19.6732862987 478.127223187 205.879194639 48.7560346122 87.1959298528 157.709974646 258.288886417 36.8516934415
445.330671082 49.464829265 282.916817536 327.277649934 371.513519493 373.511464385 7.25345735022 128.396386984 98.8711764259 16.8267766789 393.907486934 233.842861057 43.6995795798 472.141028305 347.497804249 408.52487325 475.766835486 494.869628373 292.101610478 55.5565176791 234.136566043 0 143.925277766 257.460581854 251.810742597 218.43504404 198.952004944 54.9307018628 298.55522359 134.807538933 337.731454185 257.001818426 248.377402508 25.0179421691 224.575993591 133.267569984 39.8311413766 127.72621885 88.8049521398 523.42774671 121.478005612 269.615229523 417.413913004 440.049190473 193.563712357 302.32319422 147.500315609 549.525765595 137.965323929 189.801558279 391.064210389 433.870631652 75.8592635273 286.325909104 25.8350005636 60.2564426028 444.489715673 335.380474567 255.298190039 99.6211020822 476.31893401 426.829690971 119.586296935 8.63982499296 313.92187096 443.443470473 150.309625773 225.316879053 375.721368845 233.039758603 341.462348063 299.285564351 333.997705153 286.325827242 336.497183893 216.133956147 414.108099598 359.171542719 307.936681864 106.391865304 355.314973421 468.279341545 164.66604958 390.110672712 299.277051415 84.5250370701 421.393676013 95.6207866674 181.386088744 224.65534935 430.374894781 245.020709083 67.4688283549 244.961869287 248.30958788 33.9266912462 282.327087258 147.727905443 76.8929568359 491.749703495 197.753965005
587.743208763 193.275922536 139.275123702 469.546586958 512.722033874 230.945226527 143.805802444 25.2811562333 55.2291139808 130.846303372 250.350547256 89.9175941431 100.967841283 329.850899433 489.836508091 265.535140558 332.307478147 351.140145964 434.442649925 197.292606541 90.4346063465 143.925277766 0 398.49083076 107.887796003 74.6094591438 55.1399512774 196.775203666 154.688365014 9.3252371654 480.014324007 113.505697538 391.211260143 165.701965024 81.6158143099 273.440974782 178.267834989 266.523485285 57.9822026672 380.022043222 258.64325453 411.056006223 274.861516663 296.794858117 334.818377544 158.80375803 289.486064091 406.502569626 11.4503364423 51.1483935523 533.689072788 576.069764988 75.9866847084 428.7476619 169.758949922 202.113809277 587.280592832 478.007929492 397.6340606 45.4802959661 334.577172698 282.943768172 263.346520223 152.444535328 172.126862572 300.318706623 290.802499249 81.8550291011 233.129251071 89.1718885175 197.580129865 440.843490192 475.707903348 142.456059335 194.254076074 358.337660786 270.522435072 216.173046698 167.040703118 37.5483064839 213.216583223 324.848560868 305.099206276 247.031679541 441.201607059 227.21366173 564.018406508 49.4542698882 37.4611755655 80.9150600812 287.095769958 386.006745173 209.213492746 102.876636685 388.074892426 115.519379869 138.406750227 14.707285692 67.2883718538 348.640336829 53.8430130805
189.99841136 208.895897142 537.502810116 72.5930104431 114.248040021 629.421295573 256.054203675 379.117536801 346.788721817 268.326873203 648.452276409 487.466797274 298.124518051 728.306332448 92.7152625149 663.996246154 730.420245742 748.716425101 39.5069679721 202.133137843 488.738370553 257.460581854 398.49083076 0 505.395631792 471.518615909 452.282581953 202.718136849 552.359097148 389.174627249 82.8912382993 511.908578174 25.8686490501 233.72091891 480.07268818 125.052569018 220.41924013 132.166368436 345.99020993 778.149206851 140.643237137 13.285547668 673.344823118 695.126580751 63.9028452174 557.108574785 110.027609519 804.899080367 390.838120207 446.556211473 136.845007701 178.03441386 323.749207158 35.0703558767 232.60094225 197.354673077 190.440537584 82.2859236952 16.728672779 356.107221686 732.862718933 679.988966009 141.418436051 248.848257013 570.303253137 698.718358669 107.700041142 480.319937111 631.609098279 486.110582276 594.976173881 42.6333520182 77.4587633683 540.171938169 592.635783639 43.0360716405 668.549176066 614.649277661 564.695269975 361.650388548 611.564445521 723.002679847 93.3916529719 645.47680566 43.8548209153 173.012603619 166.882214443 349.042511889 435.536063032 477.38555015 685.419048979 12.4844256649 190.144974713 501.058803229 15.995176953 282.994813136 535.756547147 404.088048156 331.58451548 747.021507845 451.909061717
695.002338907 301.159183887 32.9131814277 576.825139422 619.518406986 125.824855847 251.639951012 126.345266549 158.824829982 238.595503411 143.084501515 17.9877677411 208.768393202 224.317739616 597.126688478 159.242442495 225.032026312 243.472949339 541.780168156 304.940343606 19.1983963312 251.810742597 107.887796003 505.395631792 0 33.9060707333 53.144664069 304.438257601 46.9704017652 117.048999786 587.289700803 13.1627705584 498.761496585 273.42473865 31.4196628754 380.461974997 285.692978186 373.243236828 164.654429382 272.758190646 365.028783578 518.088002629 169.279228223 189.910188649 441.936482368 52.4113800913 396.914211733 299.69777424 114.657976848 68.4992040699 641.069681432 683.240457618 181.661377005 536.120467125 277.643198132 309.758791418 694.708169372 585.422291858 505.006162111 152.744100639 229.834010018 175.09094422 371.213061766 260.332298782 71.1291507081 193.630224293 397.833979905 28.5422631805 127.922706343 19.4604441002 89.7577331824 547.87541549 582.756594884 34.7769197362 90.7655015374 465.712471287 163.156508353 110.30832227 69.4198262383 145.421017612 109.496951218 217.626643106 412.061518957 140.696351254 548.374089031 334.917166436 671.383400696 156.870928029 70.4270223197 28.3431490687 180.201665983 492.921264118 316.816926674 25.6295244462 494.549311697 222.896780933 30.5213646538 105.640535259 175.113429435 241.834737144 54.0628674696
661.161618534 267.696218263 66.5217336671 542.992733674 585.628942444 159.434119226 218.095495381 92.4423932553 124.919008512 204.98454526 176.986309169 16.1892700152 175.213543089 258.091989666 563.295398273 193.093062275 258.924632488 277.276484409 507.961178957 271.249129577 20.2207138055 218.43504404 74.6094591438 471.518615909 33.9060707333 0 19.4838912566 270.754277966 80.8434041148 83.6379472487 553.456190534 42.2684331623 465.001970342 239.782256231 21.1407678956 346.607036558 251.931469117 339.360747659 132.053384203 306.648069441 331.129797472 484.223128343 203.029954424 223.814527294 408.087760454 86.1390368882 363.12976652 333.603390391 80.893697357 43.1483877527 607.254750491 649.38632599 147.773714454 502.309404696 244.268714092 276.065004933 660.902084453 551.617917782 471.197134046 119.868296806 263.478271628 208.766376756 337.688362597 226.919022999 103.121283431 227.526320017 363.978317554 16.9933535265 161.554446789 14.6365589894 123.519847756 514.009017684 548.89054781 68.6731555807 123.817063706 431.907329203 197.047242358 144.049702205 100.014002208 112.138292859 142.705085655 251.524308768 378.196544356 174.543346239 514.525806421 301.246173215 637.5638104 123.214297268 37.3251192731 6.50979933915 214.105743985 459.04578064 283.103771073 39.2177462911 460.648180359 189.15209538 64.257211886 73.8755241094 141.610686627 275.739153563 21.547687781
641.861856477 248.220254256 85.3643414184 523.682667876 566.425468138 178.052119019 198.630581997 73.3703025935 105.910593054 185.53526441 196.170596023 35.1867665486 155.748870773 276.862209483 543.983940034 212.020950138 278.138070352 296.615251888 488.63580796 251.831972488 37.1653381617 198.952004944 55.1399512774 452.282581953 53.144664069 19.4838912566 0 251.333813499 100.112385113 64.1542104851 534.147456803 60.297872483 445.625605801 220.34444472 31.9721255502 327.329909542 232.554813165 320.14110997 112.713793812 325.867542114 311.971940401 464.961783079 221.787334648 242.909811627 388.800266377 105.005837025 343.771718427 352.704872235 61.5141790585 31.9734578143 587.925062349 630.105817715 128.585809651 482.975803678 224.785894409 256.649156028 641.563657537 532.277821789 451.861504733 100.459604501 282.066288464 228.174256051 318.22249978 207.437950436 120.759883634 246.570971278 344.702151825 30.1585342015 180.194738005 34.0956275783 142.88128826 494.750277193 529.630883373 87.9057850865 142.022877245 412.567893722 216.269800474 162.837558648 116.935460616 92.6590298131 160.98117665 270.720698927 358.936609567 193.471888815 495.237014098 281.820768392 618.238997682 103.775139279 18.0515950833 25.7823542715 233.200065659 439.806387847 263.697730591 53.5375148475 441.498464071 169.762523902 83.6143806884 55.0913241218 122.135268806 294.828764716 5.72671285743
391.172215328 13.8779224251 336.050316933 273.010274916 316.873614051 427.326372265 53.3658555529 179.089283239 147.656295682 65.9563198356 447.125717788 286.451762178 95.8597421057 526.107684424 293.274142488 462.153957709 529.079368508 547.869119402 237.85796622 0.73562088252 287.209796144 54.9307018628 196.775203666 202.718136849 304.438257601 270.754277966 251.333813499 0 351.35777315 187.51509306 283.475147619 310.254079075 194.452241967 31.1180718669 278.081618242 78.3383211651 19.7641553845 73.00393193 143.275109906 576.789725237 67.3870725691 214.987717195 471.255534105 493.521432528 138.818301751 355.569491095 92.9488214729 603.164671585 189.869589469 243.987191596 337.019381741 379.601830033 124.147570325 232.125525468 31.6930275103 5.36723705073 390.565737459 281.324440301 201.033478183 153.548304573 530.468943668 479.508037535 67.8130358387 46.408813337 367.947126549 497.002151194 95.393328192 278.573535188 429.526756096 285.390833744 394.195989195 244.712766043 279.494104646 339.129469533 390.407501051 161.771176668 467.296737063 412.77804296 362.166556467 159.523785463 409.288021029 521.616909387 109.755745815 443.683640394 244.838375776 30.5023742579 367.354635211 147.567365291 234.125222602 276.827684622 483.828071998 190.259723354 12.5738090321 298.800327272 193.395296519 81.6773588751 334.939964117 201.632090465 129.519537133 545.326727833 250.537039876
