100 5
0 818.76652812 126.729023947 761.063996489 678.821691544 718.937321983 753.48639431 155.558907285 243.88661324 149.374615797 705.665142749 458.733442367 631.113185891 598.912912535 347.291298879 416.422607575 427.526597609 778.690284958 367.260703208 174.124433299 94.8695872347 799.01652191 513.471526978 713.370556289 328.375307336 159.674226816 843.319636419 781.042584577 970.784466676 627.211865719 62.4023887425 346.234369939 772.187310978 915.053067774 57.9382530526 843.853331789 306.878471376 575.272068066 81.7933190707 981.329334959 497.223223508 646.065862292 858.16165127 158.451682522 370.313849394 278.555181167 83.4439483653 953.127470855 607.50188234 875.927541305 851.788795543 388.209098675 482.42594629 208.400818046 300.053070077 913.110294178 382.459697694 987.589169536 180.607013856 501.589644863 223.22993452 13.6311820427 216.131797926 320.425466784 340.713600354 300.083232872 584.525451579 811.136335917 799.505486506 255.745366441 85.5823920216 94.9107685565 310.866934834 19.0088922709 681.31167673 343.839359088 708.309020818 571.281794055 218.684581241 132.834273651 322.524332137 347.383544895 183.267115124 892.107445951 426.261669715 606.561105025 33.8073303695 430.232706761 337.534178378 938.187696725 682.904269652 59.5331234896 469.63012532 260.992429584 779.911718692 490.155016419 848.033549971 897.731073509 588.65091754 18.3658849081 973.364676158
818.76652812 0 693.036476363 58.7794592419 141.230161873 101.680439309 70.8793192347 663.276496945 575.193447076 669.51113459 118.835770392 362.649157323 190.593055113 220.250054724 471.475631592 404.341268544 391.397414428 43.5091251592 454.661452145 644.919719414 725.007282594 34.5171984656 305.296335156 105.40201561 490.715068445 659.154398378 33.1552273394 40.0556255372 154.460665724 192.089034981 756.50111425 472.614880857 48.8421339795 98.1556334053 762.594103015 25.2574073839 512.109951161 244.298979073 738.86684303 167.265063103 321.792098159 173.902132202 52.5960225283 660.972345635 448.516954447 540.229932249 735.609313138 135.769066377 213.96765837 58.1981325318 37.8115369242 430.857700729 336.36685261 610.487246302 518.752302104 95.6647309736 437.975279988 173.411250105 639.876181879 317.176884675 595.724930106 809.075105119 605.147609969 499.872689947 478.123921319 518.872691799 234.338035649 21.9515592602 39.0471760866 563.032294885 734.044790345 724.143402528 508.137134043 814.535429095 140.889880295 474.951666248 115.939682196 248.893532864 600.106219875 685.933952954 496.591879098 473.87116308 638.656733383 75.0878953366 392.873155342 214.478173122 786.434395018 388.67459699 481.232546345 122.48569861 135.911318412 762.250818343 351.688986123 559.403636821 39.7051859231 330.057072641 39.1489281524 79.2820914394 237.6293393 802.064949336 155.353950533
126.729023947 693.036476363 0 635.114767514 552.723516839 592.835708135 627.249157276 31.406424078 117.85894531 25.1423583234 579.288382115 332.178330333 504.762976612 472.933907819 221.862453976 289.892838745 301.639216001 652.633786221 240.562973052 48.3812272701 32.0122951185 672.775563387 387.889802364 587.642100078 203.948028232 38.5298219654 717.177046741 655.049391751 844.579653877 501.20691902 64.4916094126 220.480654587 646.171473415 788.966535038 69.5945496701 718.05828655 180.935728352 449.152775979 55.4328161433 854.97311186 371.271820217 519.939379531 731.839050007 42.2636911693 245.188574714 153.627397012 43.4515183027 827.036129526 481.137014989 749.977661356 725.709576334 262.190933311 356.712756654 82.8596802042 175.119317334 787.075809945 255.942356294 861.231202884 64.7068574192 375.990448864 97.445710253 116.2476332 89.4396311391 193.857296249 215.710243575 174.186856406 458.700279477 685.018754275 673.183576817 130.466518204 41.1931987485 32.1548475465 184.904141671 125.871321818 555.010156195 218.661557264 581.950085834 445.033468802 93.5326596133 15.6251817403 196.44992001 220.714755432 57.0167212046 766.068186445 300.210084108 480.239495602 93.622206579 304.362975378 212.173064137 811.980972302 557.126167798 69.2402334548 343.095329786 134.329733583 654.020492858 363.807311721 721.833880886 771.849786107 461.995148199 109.374209429 847.340101594
761.063996489 58.7794592419 635.114767514 0 82.6432369984 42.9033384358 17.5927481737 605.520597713 517.321162923 611.734111428 60.6823247532 304.185465849 131.85332152 162.181792892 413.826947923 346.007467734 333.547613682 18.4375795549 396.260665941 587.085255697 667.106204405 41.277042698 247.783961578 48.6044283168 433.369204681 601.545078201 82.8751763836 20.0829461904 210.199625445 133.911936362 698.744890763 414.831484947 11.5998223914 154.127874483 704.697886912 83.2291412464 454.250392939 186.045576206 681.452583747 221.760638016 263.863583839 115.40868154 99.5881854973 603.533844743 391.032317587 482.630855598 677.814309153 192.180982056 155.281051028 114.868243112 90.9456465174 372.936350715 278.675103167 552.696772436 461.191383075 152.08535782 379.726444021 228.001856744 582.641676638 259.62337148 537.90271121 751.240929098 546.987288448 441.706391473 420.6239703 461.029960782 176.563439364 50.8219840326 44.1342161088 505.326644328 676.176472585 666.342119889 450.269513816 757.112986349 82.1245991785 417.394553369 57.7729528864 190.467359733 542.379730265 628.237076084 438.675984019 415.558938421 580.491578349 131.099529936 334.905597092 155.841867194 728.596532886 330.837130761 423.598191405 177.696968782 78.4470841266 704.295223648 293.218270534 501.282248646 19.0930674223 271.728323008 88.0374566138 136.75465504 178.880917162 744.257210786 212.315930023
678.821691544 141.230161873 552.723516839 82.6432369984 0 40.1162760872 74.9833015178 523.262950409 434.990056608 529.457893376 31.0273442764 221.545310278 49.6294428437 80.0207746423 331.741047186 263.404862271 251.321290892 99.9171877899 313.630453336 504.76820895 584.725493845 120.398313561 166.110620299 38.3808340404 351.584500325 519.413819982 164.500946106 102.41519665 291.993179808 51.7353590295 616.469422511 332.615264735 93.5038391042 236.247256174 622.315984738 165.867543798 371.949074891 103.570976927 599.475300822 302.881708003 181.628363302 32.7996110698 179.759161881 521.558612615 309.136041323 400.553808734 595.511773018 274.319593115 72.7782466031 197.344573357 172.986939245 290.616747395 196.690551742 470.423266321 379.162947582 234.356739103 297.161809771 309.141690413 500.875314281 177.857841622 455.606883646 668.89870173 464.451358077 359.180049155 338.685269209 378.740538786 94.8171785195 132.314767334 121.293199388 423.141053909 593.818518784 584.036549594 367.96279332 675.109581688 11.0977614728 335.398911934 32.8149340366 107.852061292 460.163311003 546.023388375 356.332931025 332.958730754 497.949975421 213.348691254 252.566218782 73.2492046672 646.254295655 248.625424224 341.520099727 259.40404385 14.6188601977 621.871891872 210.577420119 418.774776974 101.698931515 189.141195505 169.267210673 219.32230272 97.8006283084 661.935543219 294.621279181
718.937321983 101.680439309 592.835708135 42.9033384358 40.1162760872 0 35.3213671816 563.378671663 475.10608256 569.574019059 20.9778464454 261.528917709 88.9793967922 120.095846013 371.839764796 303.45298566 291.432391876 59.8263727999 353.637001824 544.884354335 624.838424751 80.4247791738 206.098814274 17.8604417102 391.632118942 559.521597375 124.388862418 62.4184748472 251.88930734 91.7917491871 656.585625264 372.727461811 53.4830481337 196.132384113 662.428640218 126.048933074 412.065273679 143.684863908 639.565886786 262.864901117 221.737138786 72.8979625112 139.819071292 561.647431775 349.202623936 440.653572478 635.628001187 234.204177801 112.458459508 157.291326769 132.873895127 330.732966683 236.761798534 510.539236027 419.255519188 194.252314075 337.235293983 269.123347768 540.927365882 217.874721163 495.723134674 709.013757416 504.533166707 399.26813833 378.761622155 418.856575201 134.783601999 92.1990355636 81.5698463338 463.252297146 633.932983898 624.152756902 408.079035649 715.204765376 39.3025282371 375.484630663 18.424804009 147.908530443 500.27697645 586.137437936 396.448932811 373.005168759 538.028725064 173.244379277 292.682493436 113.075753952 686.369405523 288.735154023 381.618157611 219.303771834 38.736621627 661.979968362 250.558629487 458.867603171 61.9930094887 229.208600219 129.182080538 179.308884777 136.051661822 702.051358566 254.516006032
753.48639431 70.8793192347 627.249157276 17.5927481737 74.9833015178 35.3213671816 0 597.934356178 509.60950046 604.111866867 48.7274940082 295.503694267 122.618295645 154.960460963 406.567253212 337.588850798 326.092515723 27.3725685752 387.617656533 579.387306601 659.259235076 45.5302847886 241.088891053 47.1051112568 426.515230565 594.178818605 90.0789904814 30.9312386216 217.331611963 126.704701971 691.111713991 407.362196263 22.6161878717 161.934115291 696.842638168 93.820220834 446.614609671 178.262425819 674.313303006 227.9680812 256.434827528 107.534584235 104.802505358 596.405103033 384.043619816 475.369264887 670.130941861 199.9484326 146.245992301 123.766906211 98.8610027586 365.2948832 271.603212317 545.09019974 454.006366123 160.233324136 371.452128265 234.229121887 575.794932156 252.824571265 530.25646198 743.466648355 538.745310103 433.53381843 413.572928036 453.414942006 169.800479741 58.1669295168 46.3233219021 497.886513862 668.378384309 658.654308129 442.624491169 749.92933067 72.3134141297 410.265559537 45.9007084786 182.219175629 534.879100132 620.727249492 430.962406785 407.105175085 572.220647248 139.264799196 327.244611091 147.052253869 720.824985097 323.407756723 416.347815358 184.733285898 73.8467434399 696.342301573 284.536898076 493.14605753 32.6101061754 263.460249155 94.5998613286 145.929756772 168.199536828 736.526719591 220.418579795
155.558907285 663.276496945 31.406424078 605.520597713 523.262950409 563.378671663 597.934356178 0 88.3807178681 6.34624970056 550.151072942 303.404111141 475.593963832 443.360597042 191.824900821 261.082318781 271.975552399 623.134391921 212.376266799 18.9585140706 62.3366940156 643.464136394 358.001186204 557.875346105 173.368205453 9.14263633638 687.760729221 625.493279473 815.226973531 471.657745642 93.2274737243 190.690087807 616.63511822 759.496282564 99.6646032888 688.346002438 151.321270644 419.713622958 78.2288759102 825.797627646 341.669791851 490.507121544 702.6235301 17.2912617374 214.975584752 123.226446553 72.3560516676 797.570621803 451.990368663 720.386821537 696.232015563 232.650586078 326.913388698 52.844156871 144.747080555 757.558097871 227.126228241 832.057856559 35.315703045 346.111885881 67.688505298 145.854198191 63.516035161 165.237566714 185.411578479 144.524687976 428.997317984 655.577652824 643.968891238 100.258454918 71.0674741909 60.910072099 155.31053197 152.750726202 525.774311219 188.463155504 552.787940125 415.737982384 63.1786753879 22.946704013 166.978918694 192.403798446 36.0979290662 736.554480711 270.703255205 451.033897985 123.234844193 274.684020556 182.085217583 782.630500011 527.393668208 99.7451684221 314.270829291 106.257265995 624.379439421 334.650897283 692.476505002 742.204417686 433.455219397 138.807424149 817.814369257
243.88661324 575.193447076 117.85894531 517.321162923 434.990056608 475.10608256 509.60950046 88.3807178681 0 94.5198130498 461.784137743 215.057679532 387.229587524 355.141183688 104.102238243 172.738813976 183.799806507 534.88408477 124.469352761 69.7798488754 149.814658957 555.139771612 270.03187238 469.79558052 87.2433767875 85.2596024663 599.47521963 537.272671075 726.92055316 383.426398133 181.503065432 102.623880879 528.403489462 671.236128965 187.400658893 600.227121386 63.0834959613 331.424787723 165.790259497 737.443058672 253.45956613 402.220084951 614.275182702 88.8590072739 127.553547285 37.2118894902 160.525253574 709.309180304 363.621608552 632.188782809 607.973575514 144.386483763 238.85531854 35.6067597795 58.1243789565 669.320903965 138.79634689 743.7029581 72.0542100057 258.132212894 20.7298789333 233.920360461 34.4011994834 77.1218704743 98.2642043266 56.3280550842 340.863235469 567.301545592 555.618919472 14.6963972126 158.858985624 149.049182064 67.0577882492 240.958244962 437.425290863 101.062765424 464.425048506 327.398300985 26.1212015315 111.261289876 78.6571690441 104.453854023 65.8248002332 648.314734053 182.428603618 362.675077664 211.27579448 186.520187611 94.4688348085 694.322612108 439.285915914 187.095079884 225.911312201 21.2287175711 536.209810421 246.27778061 604.16876186 654.040575978 345.147605901 226.946470241 729.582632073
149.374615797 669.51113459 25.1423583234 611.734111428 529.457893376 569.574019059 604.111866867 6.34624970056 94.5198130498 0 556.303839965 309.493164149 481.748875942 449.567959633 198.076908544 267.171936879 278.1865926 629.336225038 218.360429967 24.8524135074 55.9969096923 649.642023013 364.245148928 564.109353612 179.680254804 13.9731764985 693.952896685 631.702325628 821.412461209 477.862814344 87.0129384767 196.909807216 622.841535453 765.696207373 93.3516686233 694.575168296 157.509192904 425.902774378 72.6090395698 831.960091602 347.876973444 496.697574005 708.789718104 20.2849474986 221.250889557 129.513674123 66.1008495729 803.770341018 458.141400812 726.601441247 702.43211829 238.84149775 333.145077698 59.0378254844 151.034141952 763.763989061 233.211591217 838.220106123 40.5910214941 352.35418294 73.8555876246 139.590799113 68.9000214024 171.277086841 191.694447634 150.71777505 435.220674245 661.772540291 650.134019375 106.515390406 64.7507761993 54.6426541151 161.4964105 146.791481566 531.939721797 194.734555295 558.944129757 421.907830132 69.4385826299 17.1251368355 173.149718751 198.402460198 39.9393936569 742.759638893 276.893247791 457.192931341 116.963933394 280.897265598 188.34244143 788.815357333 533.622971301 93.4092806014 320.36827941 112.167960485 630.599070447 340.797411833 698.661131986 748.425996215 439.519340736 132.557606159 824.021855541
705.665142749 118.835770392 579.288382115 60.6823247532 31.0273442764 20.9778464454 48.7274940082 550.151072942 461.784137743 556.303839965 0 247.277559048 74.5595186735 108.417730862 359.122719789 289.461657799 278.601137116 75.6729159406 339.343928198 531.541235647 611.300602668 93.8589765643 194.477660668 33.8815467908 379.366066827 546.54037349 138.619783269 78.8433170574 265.505357853 80.6347650012 643.271204387 359.765183771 69.9960726877 210.424307418 648.870350026 142.382340325 398.873757358 130.960740988 626.801386246 275.68474251 209.107990643 61.0987700402 152.578004855 548.930642571 336.834282923 427.866367278 622.265515679 248.372592839 98.1632789954 172.479882608 147.499747683 317.619320569 224.535456389 497.314894664 406.575208211 208.806869766 323.377125784 281.942929272 528.540046934 206.065980247 482.46256768 695.530668364 490.606540008 385.475854519 366.280361682 405.683224157 123.603889874 106.863382434 93.9484684772 450.244464632 620.445608218 610.789310712 394.880281973 702.364264889 24.7771636068 362.91607681 2.9094300173 134.513441637 487.177129967 572.98461363 383.181622479 358.912983446 524.057327787 187.870470666 279.601702493 99.1350693895 672.8953266 275.939902644 368.900762222 232.929578685 37.5913618797 648.315776819 236.322365321 445.079767518 79.3534032154 215.510553911 142.958793965 194.649418454 119.475542161 688.617596396 268.916721337
458.733442367 362.649157323 332.178330333 304.185465849 221.545310278 261.528917709 295.503694267 303.404111141 215.057679532 309.493164149 247.277559048 0 172.885935735 142.814090467 114.871176885 42.3218142192 38.8342467871 321.335086399 92.1216480129 284.669977436 364.182927707 340.97879216 65.0295892367 257.719726558 136.613576389 300.184531851 385.565104145 323.932756316 512.755679489 170.682920161 396.332960444 114.565197413 315.005977355 457.419599066 401.724826405 387.397860208 152.627883012 118.527811637 380.678112984 522.910324676 45.5820878231 188.782669652 399.853513363 303.089568654 95.0657478931 182.451789699 375.292461296 495.449391381 149.258229084 418.813108156 394.242240642 72.7620562151 38.4090343526 250.66079037 161.693571315 455.651977583 76.2821177126 529.16532377 283.594554624 54.7392579758 235.783901775 448.421452418 243.338185312 138.323439523 122.878313514 159.438443042 129.723769116 353.503829454 341.223604955 204.139592372 373.362245211 363.822980577 148.642397608 455.999984234 223.190800406 119.20969808 249.972283428 113.755990472 240.755565718 326.310125436 136.861498511 111.635852182 276.780875232 434.654470571 37.4452321555 148.500547999 425.800476666 37.0628286556 124.446477072 480.167999035 227.200250242 401.110499501 10.9707066882 197.879207508 323.225575425 33.1454102143 390.088954063 440.836787411 130.134486765 441.54797794 515.885885937
631.113185891 190.593055113 504.762976612 131.85332152 49.6294428437 88.9793967922 122.618295645 475.593963832 387.229587524 481.748875942 74.5595186735 172.885935735 0 36.3771414399 284.610815947 214.99649465 204.091722554 148.628759491 264.999501464 456.990420785 536.775214304 168.098072995 120.744980363 87.6035672067 304.961488857 471.983510253 212.686581611 151.358077317 339.89353432 17.0685444437 568.721164385 285.218821321 142.413278323 284.543032404 574.34974199 215.027505752 324.314243102 56.8308932083 552.257388472 350.221473018 134.714287018 18.9901955615 227.076130605 474.395789991 262.416654101 353.332563338 547.719075486 322.565955516 23.6343011473 246.076246825 221.395800932 243.064981672 150.29230554 422.756810573 332.060643051 282.800947952 248.885563861 356.48068737 454.0657937 132.132176296 407.905515588 621.000428571 416.157022206 310.979780441 291.818440772 331.123761148 51.6318659006 180.657106343 168.421408679 375.68888285 545.913352219 536.2426346 320.32076348 627.811927977 50.3049755087 288.433887423 77.1958812628 60.010883659 412.617852631 498.425596522 308.622704383 284.496097349 449.62418835 261.811623794 205.054865837 24.5897802282 598.363132068 201.43899215 294.386685801 307.300855856 58.5218203746 573.814196665 161.919757305 370.589995058 150.945888898 140.964081068 217.204698345 268.15754277 48.6704594083 614.08071572 343.01824727
598.912912535 220.250054724 472.933907819 162.181792892 80.0207746423 120.095846013 154.960460963 443.360597042 355.141183688 449.567959633 108.417730862 142.814090467 36.3771414399 0 251.751179232 184.183185538 171.386322131 179.784546844 234.572233582 424.908356692 504.924553762 200.414777045 86.176514064 115.020412968 271.565731883 439.448268609 244.472033866 182.134924795 371.980906883 28.3072405684 536.580516845 252.680630197 173.274593315 316.148821453 542.516208393 245.182973379 292.073981463 24.3590411119 519.470447212 382.899271944 101.691053983 47.4986355947 259.759578846 441.551722808 229.115639401 320.565394666 515.641815279 354.22288717 19.6021084169 277.048114464 252.886163818 210.755341294 116.670624896 390.530140614 299.16123002 314.197635396 217.740441585 389.159496818 420.855051125 97.8735669404 375.729526639 589.06148356 384.901254929 279.623763888 258.668149088 298.856355126 15.3660183964 212.270217147 201.229597647 343.195167282 513.995146204 504.168737685 288.09198222 595.111092437 83.6472456707 255.388785604 110.842392993 29.9612957196 380.234755439 466.095930872 276.49432909 253.66945883 418.410033401 293.194533828 172.724078733 17.074900279 566.416955141 168.681378096 261.528617583 339.39809173 84.4658452869 542.11893511 131.905803614 339.166041709 181.094983575 109.953787802 249.27587564 298.919125182 40.8219970181 582.081131953 374.454060932
347.291298879 471.475631592 221.862453976 413.826947923 331.741047186 371.839764796 406.567253212 191.824900821 104.102238243 198.076908544 359.122719789 114.871176885 284.610815947 251.751179232 0 73.7550192516 80.5217020977 431.525088437 39.7888756952 173.584855534 253.748348605 452.076904946 166.183708782 366.07929245 22.4007035494 187.718317804 496.222654658 433.828206177 623.728969067 280.058418378 285.037594523 5.46147286219 424.99072924 567.88364634 291.299270136 496.563691364 41.5007693499 228.316961673 267.746076623 634.529710372 150.13258628 299.046203898 511.34664097 189.84035167 23.6381207055 68.8142231222 264.176275439 605.955748384 261.101404048 528.676038257 504.625545838 42.1340186231 135.153629494 139.099492091 47.4527769789 565.901580371 42.8344309457 640.790923827 169.505018071 154.299161398 124.419516613 337.666916825 135.895534334 36.7533848275 8.74535926996 48.0133788958 237.265707252 464.021396376 452.72560584 91.5669491139 262.712806825 252.719354282 37.7037264879 343.369909162 334.593567305 4.9450233417 361.710231276 224.612787143 128.646445782 214.458322923 27.4122439163 31.1844244477 169.075129591 544.905082343 79.6828889895 260.021047038 315.036042253 83.1853467976 9.78070296668 591.143005064 335.61788171 291.097274829 125.300094865 90.5565697474 432.646189662 144.204664372 501.007719755 550.454104046 244.346419034 330.631383693 626.142397386
416.422607575 404.341268544 289.892838745 346.007467734 263.404862271 303.45298566 337.588850798 261.082318781 172.738813976 267.171936879 289.461657799 42.3218142192 214.99649465 184.183185538 73.7550192516 0 23.8358560787 363.277653408 50.4353228499 242.35015547 321.900813098 383.089022584 102.324237725 299.202725941 95.9456058819 257.883860211 427.619908182 365.819859295 554.889874884 212.257833241 354.021158834 72.9274244833 356.904959066 499.464063094 359.452579484 429.175652786 110.413442903 160.044707016 338.388534925 565.129463497 83.8112834653 230.611324384 442.037767963 260.850346967 56.3576045499 140.411292686 332.983704452 537.509795161 191.362193527 460.740575529 436.253593511 32.5207240625 71.6248830667 208.343131028 119.886074125 497.660153766 33.9634791338 571.385871983 241.524392253 90.784545886 193.465994632 406.139599157 201.160608444 96.037276719 82.1028697328 117.215787706 170.604878012 395.52240387 383.394206879 161.906099742 331.071739123 321.513067007 106.435604128 413.68697567 265.289442766 78.3302806432 292.141880719 155.552976085 198.458680757 283.988990068 94.6504175605 69.5538762559 234.631837171 476.656548241 19.5016873754 190.538860571 383.514371213 25.6718062882 83.0884272535 522.296586641 268.6490288 358.864387464 53.2080449013 155.624364185 365.015837243 74.2863875666 432.187365715 482.726882552 172.425760989 399.256654318 557.910340753
427.526597609 391.397414428 301.639216001 333.547613682 251.321290892 291.432391876 326.092515723 271.975552399 183.799806507 278.1865926 278.601137116 38.8342467871 204.091722554 171.386322131 80.5217020977 23.8358560787 0 351.166532818 67.8690885123 253.546496103 333.611116378 371.611106412 86.462236142 286.0033521 101.130461624 268.096556564 415.821126885 353.517735705 543.312199184 199.686260474 365.19794441 81.2964649533 344.660751974 487.530734808 371.199267308 416.427338547 120.717634121 147.83036911 348.23771836 554.042713426 69.6983514418 218.59384335 430.856646311 270.3452649 58.6606157915 149.287750622 344.268085168 525.605128593 180.594082257 448.41522769 424.266845488 39.5181553482 55.1725910799 219.149162662 127.974071107 485.583775015 49.3110639561 560.30393296 249.988318131 74.5735785565 204.358505414 417.706512382 214.129942869 109.201235631 87.7980286944 127.488944285 157.063613328 383.628791502 372.226504347 171.819924757 342.657361395 332.796658294 116.742065738 423.84005632 254.079005675 84.3659575852 281.189933813 144.09131256 208.850099044 294.711577686 105.203060693 84.8339139062 247.609960137 464.580850773 4.46253759552 179.502124145 395.063095832 2.74997440294 90.299645282 510.720531573 255.4877966 370.857497999 47.5784239204 168.336730343 352.419594831 64.1112904053 420.573666791 470.249438377 164.556153964 410.714369157 545.83907859
778.690284958 43.5091251592 652.633786221 18.4375795549 99.9171877899 59.8263727999 27.3725685752 623.134391921 534.88408477 629.336225038 75.6729159406 321.335086399 148.628759491 179.784546844 431.525088437 363.277653408 351.166532818 0 413.449111854 604.659510478 684.63405762 23.052272703 265.603696493 66.9557593239 451.191367924 619.230702597 64.7884174668 4.14379372378 192.270792261 151.48087558 716.349097461 432.462532335 6.83982892706 136.364497646 722.225086925 66.7220083828 471.831683624 203.482661002 699.214188635 203.610275971 281.468383413 132.713228353 81.1955803131 621.293409905 408.808766267 500.338070491 695.400108789 174.438770863 172.182342742 97.4785039493 73.1017168926 390.501885049 296.398081381 570.299209011 478.919632615 134.442125626 397.061482817 209.858345613 600.481832665 277.419040836 555.490246617 768.799300693 564.358486244 459.091646228 438.386939131 478.619243069 194.319016366 32.6047280712 26.4918538093 522.979501997 693.72223495 683.925665618 467.847091938 774.865161726 98.482564729 435.133572409 72.7985492708 207.734896188 560.016583524 645.878039954 456.228265822 432.8291145 597.854567983 113.434406999 352.455633228 172.851997546 746.154676877 348.463776373 441.300812514 159.719548861 96.5235342933 721.78714402 310.364437365 518.68923482 8.64844610963 289.034938281 69.8168946726 119.531911538 194.945710484 761.83050042 194.706632531
367.260703208 454.661452145 240.562973052 396.260665941 313.630453336 353.637001824 387.617656533 212.376266799 124.469352761 218.360429967 339.343928198 92.1216480129 264.999501464 234.572233582 39.7888756952 50.4353228499 67.8690885123 413.449111854 0 193.508406547 272.529245658 433.083120098 152.388946022 349.583546588 60.0686989594 209.695436076 477.683381011 416.032704212 604.84240533 262.602617057 304.901400193 35.7053138741 407.109190947 549.538675877 310.005776185 479.456621189 64.4908066138 210.392938243 290.196574015 614.911476724 134.137773648 280.852002309 491.905616591 213.235297724 41.1545138142 95.0656333838 283.836171938 587.565389414 241.375119082 510.925769422 486.363883189 33.4351694034 121.346302875 159.971625555 76.5357354127 547.773613165 18.7487125725 621.16394132 194.989093626 140.704427815 145.138514371 356.733508941 151.423288027 47.3963998177 48.0126993614 71.0033691741 221.039026546 445.625426999 433.292151911 114.86026539 281.753800756 272.387806752 60.7365142282 365.12697948 315.304244541 44.5358442274 342.049888187 205.795914038 150.506015361 235.322597363 49.4593442358 20.0160138461 184.797121796 526.776085933 64.9700374312 240.621877777 334.142941218 70.5297999655 45.6351182956 572.258924648 319.034894056 309.292789936 103.091717014 106.280576962 415.287619268 124.628901523 482.196156364 532.940442094 221.462117141 349.916260736 608.006729459
174.124433299 644.919719414 48.3812272701 587.085255697 504.76820895 544.884354335 579.387306601 18.9585140706 69.7798488754 24.8524135074 531.541235647 284.669977436 456.990420785 424.908356692 173.584855534 242.35015547 253.546496103 604.659510478 193.508406547 0 80.1682238353 624.917523731 339.696353474 539.518488855 155.567705467 19.1236562873 669.254777897 607.042192654 796.700066345 453.196869453 111.731010804 172.306474093 598.175363424 741.013476831 117.715544319 669.966939157 132.834868682 401.204013957 97.1821475998 807.20894226 323.221672018 471.999414621 684.045185979 26.9343656045 196.859188855 105.249444988 90.7454087353 779.086774313 433.377957638 701.953455374 677.750523751 214.158235705 308.558303183 34.5008689299 126.747091977 739.094588615 208.387891322 813.468597913 31.1459832973 327.800548539 49.1954109768 164.160245113 44.8443740534 146.432260932 167.356115306 126.057649523 410.603067618 637.080407342 625.388414972 82.1093427426 89.1366785411 79.2693531286 136.816376595 171.634891231 507.19612345 170.331973599 534.186299841 397.173775608 45.1525569034 41.865605749 148.436222239 173.550106032 22.2808607176 718.088808696 252.20417466 432.440958364 141.517326939 256.262628112 163.875708533 764.102057119 509.018843163 117.547204959 295.551038481 87.3328449513 605.965578109 316.030849193 673.948297542 723.795751548 414.680516257 157.172877476 799.355494736
94.8695872347 725.007282594 32.0122951185 667.106204405 584.725493845 624.838424751 659.259235076 62.3366940156 149.814658957 55.9969096923 611.300602668 364.182927707 536.775214304 504.924553762 253.748348605 321.900813098 333.611116378 684.63405762 272.529245658 80.1682238353 0 704.785958411 419.828600037 619.610029389 235.614034698 68.055709494 749.1833094 687.04484506 876.589333488 533.200632456 33.0501501831 252.422127904 678.168614458 820.969990909 37.5917585006 750.036448409 212.897841348 481.154532344 33.2394535995 886.985322757 403.255855627 551.94281854 763.85126965 69.3288251999 277.024994853 185.367777985 12.8235205728 859.040116041 513.149303181 781.97072851 757.712102706 294.175001041 388.666929513 114.666828197 206.879468307 819.075784315 287.951916741 893.243396279 92.4953826703 407.930641784 129.335795321 84.238915798 121.276463981 225.864233961 247.510147431 206.139974739 490.674524838 717.023362773 705.195747957 162.268507692 9.32819186732 6.71810155067 216.870150988 95.0320627696 587.021810382 250.498216238 613.962380383 477.042752981 125.248603529 41.0590156867 228.433286373 252.697655635 88.4363923751 798.068326155 332.200616929 512.251317049 61.6213405084 336.33290564 244.042919898 843.99062504 589.098733972 37.4215014674 375.101913802 166.32192446 686.006965818 395.819154044 753.842917349 803.837112524 493.975552775 77.3872929254 879.339829791
799.01652191 34.5171984656 672.775563387 41.277042698 120.398313561 80.4247791738 45.5302847886 643.464136394 555.139771612 649.642023013 93.8589765643 340.97879216 168.098072995 200.414777045 452.076904946 383.089022584 371.611106412 23.052272703 433.083120098 624.917523731 704.785958411 0 286.494800798 89.3071867213 471.980508921 639.701575357 44.8099701959 22.9973610374 171.809882145 172.133400184 736.641998423 452.885495581 29.8025398105 116.56580698 742.368673572 51.7519506211 492.14410081 223.783114885 719.822404275 182.484496187 301.944784214 153.03197167 59.395173827 641.911331077 429.523235424 520.882320178 715.661071146 154.523037384 191.731146469 79.0990417579 53.8420889732 410.823243967 317.078152179 590.619985823 499.512171758 114.979679766 416.962439106 188.744747866 621.268661941 298.253240205 575.786587599 788.994938801 584.248818588 479.04824795 459.062583377 498.94413788 215.184476093 14.4367953726 5.60271682054 543.410920233 713.906548776 704.184428495 488.154089065 795.443329418 117.799589748 455.763413001 91.1024921615 227.748203442 580.406432321 666.255724423 476.492618913 452.594166618 617.719788684 94.0853286528 372.77247871 192.561755718 766.35348251 368.924522035 461.857251642 139.212852844 118.224241829 741.863743093 330.014354878 538.660533297 27.3386649683 308.980690055 49.116507482 101.277567502 213.187790694 782.056026047 175.057831456
513.471526978 305.296335156 387.889802364 247.783961578 166.110620299 206.098814274 241.088891053 358.001186204 270.03187238 364.245148928 194.477660668 65.0295892367 120.744980363 86.176514064 166.183708782 102.324237725 86.462236142 265.603696493 152.388946022 339.696353474 419.828600037 286.494800798 0 199.906569647 185.591110047 353.861998238 330.369866182 267.820056438 457.873528524 114.385172401 451.219529287 167.409265275 259.018221181 401.90218728 457.402710834 330.397662957 206.970242664 63.9509343315 433.676182368 468.962848621 19.4671703708 133.674848913 345.86801463 355.760514228 143.259715019 234.935785816 430.34598455 439.962406428 98.0044368571 362.583004931 338.672440259 125.972624731 31.3050085202 305.237907501 213.465491202 399.866693557 134.597768206 475.221574851 334.878291947 11.9014763403 290.503499398 503.827634096 300.590821302 195.603810123 172.860099664 213.705940262 71.3153193695 298.161215884 287.380761261 257.747393588 428.832723222 418.884627878 203.012238859 509.34021576 169.737782734 169.663015852 196.945522266 61.7471667364 294.825062931 380.640500871 191.560930486 170.603785834 334.067013172 378.883474971 88.3454626358 96.5024911727 481.19161136 83.717277336 175.937505537 425.313206472 169.473484968 457.126951727 55.5893472806 254.798012965 266.541647659 34.2838324551 335.252741295 384.315516112 89.0413328557 496.802745735 460.079822708
713.370556289 105.40201561 587.642100078 48.6044283168 38.3808340404 17.8604417102 47.1051112568 557.875346105 469.79558052 564.109353612 33.8815467908 257.719726558 87.6035672067 115.020412968 366.07929245 299.202725941 286.0033521 66.9557593239 349.583546588 539.518488855 619.610029389 89.3071867213 199.906569647 0 385.386123862 553.768556353 131.42657902 68.6368428157 258.559342924 87.0431477503 651.100477448 367.213184724 60.1554495458 202.364628109 657.195970544 130.492458706 406.712207291 139.20856158 633.529720854 270.303341206 216.423482617 69.6818496608 148.150878154 555.625249496 343.146429343 434.842324057 630.207370624 240.357932531 110.222742281 162.808286029 139.344623511 325.472897349 230.964849432 505.085231001 413.370319026 200.201938392 332.743960427 276.539197735 534.598058413 211.782872683 490.323542236 703.673281827 499.831502535 394.571819758 372.75203554 413.473350457 128.955630704 99.4251524834 91.4053863387 457.633002986 628.644718893 618.741397124 402.74031645 709.198090662 42.4553116801 369.568263823 32.2346758884 144.058489544 494.706032564 580.537093343 391.202149215 368.686508604 533.34040625 179.272892828 287.503632771 110.442979687 681.032705205 283.279124843 375.838078906 226.116567758 30.5589143812 656.860267004 246.781897722 454.072471587 66.8605783168 224.956055109 136.633594945 184.440609861 136.059473788 696.662953348 260.321725149
328.375307336 490.715068445 203.948028232 433.369204681 351.584500325 391.632118942 426.515230565 173.368205453 87.2433767875 179.680254804 379.366066827 136.613576389 304.961488857 271.565731883 22.4007035494 95.9456058819 101.130461624 451.191367924 60.0686989594 155.567705467 235.614034698 471.980508921 185.591110047 385.386123862 0 168.714679552 515.949880688 453.409687974 643.458455786 299.852844459 266.342888386 24.7878336225 444.60928853 587.491677939 273.031452763 515.863995718 29.6743896235 248.421710368 248.151960816 654.465003186 170.262348419 318.989137241 531.317700423 170.26829381 42.5486318495 50.3903637046 245.643416112 625.549821025 281.544189938 548.139301229 524.263527696 63.9090533926 154.915248581 121.131881417 29.1203065073 585.446499753 65.1699169838 660.725217131 149.295932302 173.773770305 106.811170191 319.113348509 120.567614872 36.771272047 13.8451126951 34.4559110372 256.878367416 483.740847462 472.751333885 73.6481275382 244.431013348 234.235381343 27.20255041 323.820419733 354.751025977 17.6445217103 381.918124972 244.957303046 110.415400055 195.710644278 23.7168488756 46.3808706507 153.019914938 564.46741303 100.697940088 280.386002478 296.531772236 103.715446961 14.4443387168 610.892953966 355.016074862 273.032835328 146.883888626 76.9066391589 452.100242984 165.176580084 520.809021092 569.82633996 265.545076396 312.013855654 645.646655265
159.674226816 659.154398378 38.5298219654 601.545078201 519.413819982 559.521597375 594.178818605 9.14263633638 85.2596024663 13.9731764985 546.54037349 300.184531851 471.983510253 439.448268609 187.718317804 257.883860211 268.096556564 619.230702597 209.695436076 19.1236562873 68.055709494 639.701575357 353.861998238 553.768556353 168.714679552 0 683.909936525 621.544185265 811.40671933 467.754474356 97.6738853919 186.816725192 612.70351669 755.592852096 104.832793622 684.259353488 147.708493106 415.918570095 80.5335212121 822.108273331 337.785456681 486.690282319 698.922194742 9.12063506059 210.65733484 118.926705327 77.1619737793 793.665943073 448.405741402 716.393820653 692.332272115 228.9233634 322.87169917 49.7307031229 140.404305415 753.61781511 223.974195714 828.369313855 26.6179099876 341.98847066 64.5590444656 150.485611994 63.4542587229 162.377259396 181.052717334 140.892888449 424.983960744 651.713321016 640.278866233 96.298954973 76.3933015884 65.8823125897 151.703156684 155.858218774 522.097194984 184.202962444 549.158154196 412.056676607 59.4310811087 27.1851199255 163.442693628 189.684474204 39.9776357818 732.620274086 266.956770058 447.405519433 127.965383426 270.789252679 177.948626919 778.816027303 523.323226226 105.230646669 311.005108585 104.108918129 620.362220753 331.123687268 688.670143568 738.164459726 430.309558443 143.353580939 813.860230191
843.319636419 33.1552273394 717.177046741 82.8751763836 164.500946106 124.388862418 90.0789904814 687.760729221 599.47521963 693.952896685 138.619783269 385.565104145 212.686581611 244.472033866 496.222654658 427.619908182 415.821126885 64.7884174668 477.683381011 669.254777897 749.1833094 44.8099701959 330.369866182 131.42657902 515.949880688 683.909936525 0 62.800848324 127.513099998 216.164907111 780.963075947 497.115860147 71.4494641774 71.8566759586 786.771477723 19.6522845366 536.443727181 268.051378909 763.937835257 138.886133581 346.125970659 197.255914373 19.4419878236 686.017857489 473.54963974 565.036850795 759.999781614 109.889889561 236.308284803 34.7267844891 9.38032875947 455.111594092 361.121897782 634.91980938 543.631999717 70.187258694 461.460687886 145.126740661 665.243869542 342.176212683 620.099968261 833.37162764 628.763338884 523.527887646 503.119890209 543.236905409 259.071556668 32.2090345261 45.5504920652 587.64105116 758.287179102 748.524029235 532.456602559 839.581896085 162.384955809 499.854309008 135.84503941 272.16224442 624.664229405 710.52416123 520.81860857 497.14973669 662.246271876 49.275391409 417.059648999 237.084552326 810.727878103 413.124015613 506.000394661 94.9434606852 161.276351824 786.300139069 374.596870311 583.13759526 64.8188470856 353.445161547 6.00113948849 56.7536900922 257.993544706 826.416297068 130.339747497
781.042584577 40.0556255372 655.049391751 20.0829461904 102.41519665 62.4184748472 30.9312386216 625.493279473 537.272671075 631.702325628 78.8433170574 323.932756316 151.358077317 182.134924795 433.828206177 365.819859295 353.517735705 4.14379372378 416.032704212 607.042192654 687.04484506 22.9973610374 267.820056438 68.6368428157 453.409687974 621.544185265 62.800848324 0 190.124794338 153.846417007 718.714627329 434.808231535 8.94643348368 134.082139043 724.63656436 63.7340734039 474.208365428 205.928335377 701.477327244 201.686778638 283.82546916 135.211754007 79.7334375025 623.557474012 411.058912568 502.636246932 697.776674539 172.144209832 174.869268887 94.9404640201 70.8739709548 392.886194274 298.681648191 572.664505629 481.203595082 132.073643586 399.572364358 207.926621988 602.688202484 279.652759823 557.864397634 771.19281378 566.85436878 461.578131215 440.646833772 480.991245109 196.575633171 30.830434209 27.1226664735 525.312972369 696.122638645 686.303500458 470.225921947 777.135177871 101.327636164 437.409698241 75.954840948 210.266896105 562.360537398 648.220245204 458.621838761 435.373735131 600.355247532 111.077423048 354.847900638 175.494123468 748.548170678 350.810171872 443.601169707 157.616271957 98.5260792486 724.218873605 312.963037831 521.165361605 5.28308098608 291.555234195 68.0034092585 116.909050898 197.929229974 764.215069569 192.3222749
