100 5
0 646.458277701 666.166862692 179.994387053 416.494301852 411.261586378 496.003089419 830.49272354 26.3125324212 237.869295971 50.2621879669 444.852430288 665.335683372 110.873678635 137.560641458 357.349575192 618.126119101 514.610114667 833.670554817 411.887577065 356.630791339 149.440465825 695.905230303 938.515723841 756.657658326 611.925719181 512.029717907 494.379634476 348.97396892 200.347208784 968.588442558 795.610662922 28.3550864531 710.833425671 994.825851644 153.138281565 131.896307711 293.078142827 497.874143566 554.476711458 545.123684417 761.711181637 417.472698693 710.512841511 388.491704762 829.328997969 765.569759707 411.103655644 356.201511918 669.980896027 407.885259852 818.366590939 654.637673788 53.1778848613 500.966886789 436.60743256 609.072038298 444.528234353 98.2339460939 182.884726608 235.934141995 473.642495838 645.475309535 228.291198077 671.190723178 351.778989424 438.888708123 596.190133175 632.913528065 389.451264766 895.643436664 992.019007762 499.660486024 400.379831522 762.715085656 371.350024428 841.719477619 370.047698573 102.563078731 370.168018066 415.090718774 585.260746791 962.424818534 456.802997761 368.654253357 535.150555208 270.709213946 700.625799804 816.539879918 74.7743539471 66.2267381015 917.68507648 610.064698304 27.0047261637 262.308085102 752.864349197 27.5549942123 530.32572838 991.62653606 75.7457410302 170.104647743
646.458277701 0 22.1641894244 469.993471058 230.03773548 235.43371035 150.949019754 184.506602125 623.554065189 409.359899226 596.20276986 201.704888503 27.6709084011 535.602879641 512.17875663 289.209622486 32.4374266373 132.422541517 188.126402186 234.631569119 290.896423053 497.088169976 49.4965091008 292.858345795 113.373515343 37.0247278914 134.930212403 152.194768073 299.120734823 446.23903915 323.243295829 149.780040279 629.187124525 64.3983239199 349.499971028 493.367611779 514.941809736 354.745616878 149.153886602 93.905778772 101.683956408 117.634766966 228.985620399 64.0682479699 261.563521506 184.030314727 119.387818041 236.256234764 290.297369625 25.1573353463 238.621752076 172.447563536 8.386531237 595.680335671 145.621159255 209.8977532 37.6789462943 201.99199883 549.973321648 465.984323977 410.892066058 173.270584238 36.3918508669 418.167259017 28.0148670111 294.682908621 208.256428968 50.8757404494 17.1221204055 257.185972581 249.23910348 345.946690284 146.813812801 246.206022688 119.747062648 275.313144364 195.340373765 280.039958771 544.227740258 276.815757692 231.797449453 61.7011008434 317.214939188 191.122353037 277.806038215 111.532277775 376.252709895 54.6328772892 171.286361185 573.848485362 581.03017455 271.91943462 36.5084957152 619.502209497 384.180594078 108.075226497 618.995500814 117.195021503 346.702833173 574.420144087 476.969984537
666.166862692 22.1641894244 0 489.055894411 250.067677038 255.598242581 170.199820006 164.336817442 643.057956746 428.734111062 615.904675869 221.323432625 10.2849110009 555.361195824 531.367430285 309.195762447 48.4288138678 153.081620677 167.66218799 254.638392427 311.271175527 516.899194585 30.8676807704 272.523472279 91.9071606104 54.366560977 154.162136882 171.810594695 318.120150419 466.111503518 302.783365005 129.471040289 649.237776135 46.3522625596 329.046225823 513.166410786 534.495225959 375.058464909 168.348229425 112.119986578 122.353756493 96.4115517734 248.823090749 45.3079049515 280.002691923 163.435798089 99.4421520396 255.386554475 310.215498753 4.0191071446 258.606036498 152.219032713 16.7019964656 615.642864015 165.221830148 229.59136132 58.9321670478 222.048574064 569.993730359 485.162441438 430.386995978 192.567093857 33.857771162 437.922712254 5.8643310289 314.51560932 227.448502416 69.9993669876 33.2587328931 276.721898941 229.573544198 325.876977243 166.877044931 265.787039031 98.2342003115 294.833083733 176.394722339 298.541608462 563.810692828 296.155585976 251.152658555 80.9231929442 296.698865394 209.934651081 297.640700903 131.032268389 395.677725095 34.619784075 150.653621085 593.266769646 600.578181124 251.633259048 56.5264091762 639.239628491 404.018661333 87.0905267296 638.742904464 136.011187973 326.105912823 594.5064566 496.441733435
179.994387053 469.993471058 489.055894411 0 241.565088568 236.911705925 319.049133298 653.098936482 155.393530672 61.792913483 130.545169693 268.548486681 487.67777309 73.8967409743 42.6254544559 183.415850588 440.743299868 339.565971354 656.031708969 236.951762636 185.236724481 44.2707308851 519.215337848 760.726811553 578.672590678 434.691746508 335.077766189 317.901321186 170.936193761 42.7733938767 790.599085559 618.210439531 168.15214583 534.354630922 816.789883087 41.4585346318 50.5512501119 125.764957685 320.856223922 376.97664231 369.585709841 583.862877655 241.916880298 533.853160143 209.63365323 651.598212272 588.469893653 233.743866586 181.919050543 492.935253851 232.932840242 640.958190637 478.275036605 134.365581851 324.450335884 260.513997357 433.016027566 269.274322974 93.5049730603 6.31642944602 61.5120949057 296.723643448 467.053754533 59.2771291979 493.905434442 177.127931545 261.738253197 419.319589346 455.823830871 213.163236877 718.58981457 814.435957915 323.81741383 224.180852932 584.640825424 195.089842213 665.263764556 191.084285378 78.4956347081 193.283740375 238.251429956 408.408720232 784.386084308 279.125530055 193.716422171 358.46440121 94.6365841035 523.646238587 638.827183436 105.436622836 113.791698034 739.990450964 433.48818329 153.806227841 91.1550491934 575.233218774 153.438071668 353.057402019 813.43037619 117.278104555 19.4313552017
416.494301852 230.03773548 250.067677038 241.565088568 0 6.48555053246 80.8918438465 414.355144018 393.818456581 180.188709456 366.252766899 30.0381177226 249.825044675 305.622747983 283.227903483 59.1721511018 202.46718525 98.2279465818 417.72897678 4.6207687891 61.8812295974 267.082493226 279.520363418 522.590901957 341.287921685 196.11712526 96.6316344511 78.5075941246 73.6262448169 216.212920746 552.836609401 379.518029314 399.189838265 294.376988962 579.098217331 263.369521806 285.198773012 125.196661687 82.8551020062 139.507858867 128.637121436 346.137336548 4.89032026232 294.105938277 48.1818353153 413.483423862 349.312071596 21.8701243838 60.2943000921 253.824350601 8.64218092301 402.252755582 238.183552127 365.647528414 85.0696249355 21.7769768719 192.587025794 28.0457739819 319.957906481 237.195287585 181.403521171 59.0981206511 231.643105245 188.229472993 255.230093512 64.7906917897 28.9609931812 180.088501026 216.882646953 29.6760273962 479.275801572 575.883601172 83.2348465951 19.4799145073 347.463620578 46.9617721233 425.230779209 61.6066076818 314.423454261 49.733459188 16.0545440624 169.182422914 546.736322415 46.8443107144 47.9715603389 119.162968012 147.068781364 284.375393998 400.696108459 344.283611258 351.253775358 501.695915056 193.734888327 389.522209788 154.186309249 337.05470351 389.009207965 115.232253031 576.099308166 344.445178411 247.409625706
411.261586378 235.43371035 255.598242581 236.911705925 6.48555053246 0 86.8412747279 419.834023804 388.716789966 175.395245362 361.036788376 36.3157972039 255.488839025 300.389094773 278.414377235 53.9407042821 208.130854974 103.349316298 423.256153224 4.21479809317 55.9395163851 261.825964446 284.927901554 528.106182636 346.937797291 201.752291585 102.483142994 84.2850201083 70.3383748359 210.930948047 558.381520873 385.015367516 393.753465807 299.728748104 584.644315101 258.123511433 280.119326868 119.500627652 88.8149398463 145.357501879 133.895294988 351.752498578 10.6061381031 299.496939093 48.3543145474 419.031773664 354.763494527 24.8675295563 55.2028307908 259.335492473 5.66033438864 407.740233423 243.548060243 360.267405317 90.822161944 28.137315692 197.917647446 33.6066294948 314.544424442 232.456610434 176.492333966 65.2236793758 237.531797094 183.067672961 260.796788088 59.8505105167 35.4290945495 185.653867662 222.448123436 26.9601678148 484.665089153 581.344170133 88.7212011129 18.2349706579 353.129127947 43.1779184611 430.525263891 60.1596463264 309.305959854 46.4191260978 20.0849197878 174.763163113 552.293031548 53.3178862353 43.2001311817 124.824176626 142.318969276 289.843997502 406.247358527 339.259716359 346.141771234 507.199840664 199.200011446 384.278043464 148.981204225 342.628122461 383.759011203 121.101978254 581.678292581 338.987811797 242.423379286
496.003089419 150.949019754 170.199820006 319.049133298 80.8918438465 86.8412747279 0 334.497360493 472.858385521 258.54622312 445.741871075 51.3557052099 169.416935641 385.232886633 361.26813207 139.546524126 122.137895639 28.5667229433 337.675787554 85.3424103496 142.752527474 346.813553751 200.189295583 442.533130209 260.851581398 115.922758031 16.0408656821 5.69856067839 148.17707643 296.096693037 472.662593249 299.611512622 479.353844525 215.306161437 498.913033887 343.072686573 364.298358456 205.997362166 1.99840778245 58.7104252478 52.5169367446 265.81077819 79.1251706072 214.824817782 111.202881131 333.352995409 269.637174238 85.3075189818 140.43361061 174.038776478 89.2096923562 322.368474007 159.242357355 445.667195504 7.30263856494 59.71213475 114.188068297 53.4776784561 400.100003361 315.067259054 260.187645794 22.3672738608 150.761882679 267.819442529 175.189974421 144.589942218 57.3116760014 100.304350157 136.941087914 106.557165241 399.760939441 496.01656847 13.144570369 95.6602401141 266.976856909 124.653077316 346.226745647 129.511595588 393.617076662 125.96419746 80.9536245159 89.3822401195 466.523457593 40.5687387909 127.751855175 39.4534464212 225.479732884 204.724922489 320.562408096 423.075993578 430.379623078 421.689126988 114.441462195 469.090424916 234.003124495 256.883864957 468.598585984 34.4319684211 495.805451327 424.690443608 326.242425893
830.49272354 184.506602125 164.336817442 653.098936482 414.355144018 419.834023804 334.497360493 0 807.327265521 592.976616467 780.230682806 385.658811271 165.432895292 719.695326443 695.485885936 473.503358756 212.425545088 316.928992456 6.80296689921 418.933614212 475.385770055 681.235985686 135.05077656 108.367852299 75.532703182 218.579127717 318.466241514 336.147339586 482.205547437 630.445749156 138.827306634 34.8934487673 813.543727529 120.696668615 165.062494893 677.503030278 698.790245896 539.222569346 332.633839656 276.169965152 286.189741299 69.8862624233 413.152065461 120.611635571 443.698861251 8.51838330786 65.1272024662 419.586003448 474.53774929 160.546121773 422.908111378 12.1411377072 176.525793737 779.968700518 329.558587153 393.92816103 222.160609013 386.321660362 734.306070208 649.286289651 594.674406582 356.862247871 187.132405478 602.258418397 159.308809226 478.849129975 391.691683609 234.333124054 197.582722828 441.041914626 65.8614740207 161.540941563 331.130672631 430.115167146 70.1795786103 459.147226207 24.1261918162 462.263674993 728.112320234 460.419498095 415.437408898 245.258912751 132.871583537 374.019470948 461.973296902 295.369042036 559.946835655 129.990549767 16.164254114 757.503920729 764.866591463 87.4173357692 220.63411282 803.570218743 568.354156641 77.9625397782 803.074685433 300.224945012 162.444807673 758.7994115 660.712778514
26.3125324212 623.554065189 643.057956746 155.393530672 393.818456581 388.716789966 472.858385521 807.327265521 0 214.362265484 29.7225134856 421.853843586 642.032558911 89.0220166512 112.789611491 334.776476011 594.905445164 492.030421381 810.413870664 389.202335949 334.576383668 127.456526953 672.948191687 915.216910364 733.251509553 588.753896305 488.897018738 471.378360492 325.345621554 178.205401409 945.212246216 772.435556416 35.3127668749 687.95064345 971.433186044 131.055170288 108.626120974 271.389731116 474.710736774 531.187736958 522.435383784 738.359886637 394.640209229 687.57090878 364.603938112 806.036214509 742.49499447 387.758679469 333.548988534 646.89562277 385.189027167 795.193301336 631.769409159 39.4688918345 477.959600582 413.657760284 586.275487998 421.812319028 79.487244371 158.602956575 212.678016912 450.491156891 621.866395871 205.665220557 648.023219136 329.032781417 415.635589418 573.132157814 609.799272355 366.384102692 872.613768049 968.80778753 476.847261038 377.352993824 739.274257454 348.260171666 818.88356756 346.104393365 79.4162774323 346.90930272 391.905312036 562.203292614 939.02747816 433.395855667 345.883705128 512.116446535 247.382355781 677.573506983 793.251754374 49.9915643081 42.5811859712 894.420475382 587.107868993 14.8342024775 239.777071052 729.59410507 15.5680331874 507.102371299 968.165684878 60.4384615882 146.616521263
237.869295971 409.359899226 428.734111062 61.792913483 180.188709456 175.395245362 258.54622312 592.976616467 214.362265484 0 187.681691626 207.679968635 427.670328657 127.667637706 103.039196792 121.731183195 380.551642777 278.348470226 596.051902008 175.569076519 123.4641108 90.0751609025 458.702043919 700.855828884 518.905209117 374.412861604 274.586984857 257.166249412 111.105815842 42.7362152872 730.862658181 558.0839611 222.880759858 473.75593647 757.087912126 86.2991642179 105.975000714 65.7728292155 260.389013573 316.826744105 308.542552067 524.00254206 180.724191291 473.332175628 150.774051571 591.674284456 528.175857804 173.397460171 120.284467829 432.58138611 171.547266363 580.841392832 417.603220359 188.870896661 263.738740118 199.546783196 372.19912165 208.031294389 144.282285434 57.0940243273 5.01488365972 236.181784259 407.617248452 17.9299911072 433.679034832 115.551483443 201.290423336 358.843560612 395.476968448 152.197450928 658.304249353 754.447644414 262.834158581 163.197361019 524.938577854 134.073402293 604.698806591 132.436706175 135.314953325 132.582025685 177.598368765 347.917387463 724.682937111 219.038472632 132.246107874 297.859950253 33.1395539396 463.271009922 578.889638435 164.532843946 171.960251801 680.058210621 372.883293529 211.093922138 30.9100778293 515.232035281 210.637162548 292.753994926 753.842523967 169.081939443 67.7891884302
50.2621879669 596.20276986 615.904675869 130.545169693 366.252766899 361.036788376 445.741871075 780.230682806 29.7225134856 187.681691626 0 394.590667019 615.079770245 60.6590921382 88.5513551587 307.116497551 567.866312294 464.386087062 783.410818739 361.644758081 306.502020988 99.2468518578 645.647177664 888.257443279 706.409018 561.66438231 461.768106239 444.118186353 298.785565184 150.153992722 918.335049953 745.348792898 39.8740106359 660.580200879 944.573623787 102.928519785 81.7441415667 243.045881702 447.61344562 504.221539304 494.886151385 711.457621939 367.217279606 660.255732008 338.37342491 779.070999438 715.308027721 360.858435826 305.958761273 619.718828143 357.641054712 768.10465665 604.384806731 15.963890207 450.705357743 386.346760138 558.824500679 394.283739064 49.7855968704 133.137785195 185.69854937 423.381691838 595.258184448 178.03796023 620.929041908 301.527076401 388.633851107 545.928197141 582.651354157 339.189422452 845.383330625 941.757415442 449.408893561 350.117643739 712.470006914 321.088888924 791.471669664 319.954494415 52.4677060134 319.916544863 364.832367281 534.998784888 912.173224463 406.562694034 318.401309518 484.888732802 220.47642719 650.364311694 766.281714663 27.7136878849 17.6771567241 867.425300935 559.805853366 23.4184840781 212.069223892 702.605700938 22.9847703943 480.067044105 941.380948967 31.8610936556 119.960132069
444.852430288 201.704888503 221.323432625 268.548486681 30.0381177226 36.3157972039 51.3557052099 385.658811271 421.853843586 207.679968635 394.590667019 0 220.727066739 334.037942007 310.585559672 88.1960616543 173.411917832 71.5376269236 388.904346237 34.3003098583 91.7943547171 295.580358825 251.097176392 493.771565158 312.178499352 167.145978482 67.2973534376 49.5307903254 98.2111933388 244.818564931 523.936652981 350.785223411 428.038720141 266.103100781 550.191242074 291.845700432 313.249349057 154.719996255 53.2817887932 110.064658995 101.083630531 317.112270766 27.8262115533 265.717909207 64.3065296685 384.605361437 320.717361472 35.8409852391 89.0786391311 225.130538006 38.0518283578 373.537697335 209.933810952 394.378786386 56.1163836456 8.38269033239 164.525195543 9.39617182306 348.784375425 264.418173609 209.187215648 29.2206288215 202.037216912 216.599607747 226.382536691 93.258609498 10.6405167645 151.338323959 188.076863274 55.4851738634 450.801926797 547.196507083 55.2994298881 44.5013784202 318.313955167 73.6122216068 397.043169016 81.5605434128 342.546241737 75.2687215337 30.4936902501 140.409251301 517.807793031 18.6320079122 76.4073745303 90.2982016509 174.559963372 255.774265477 371.814526126 372.145322649 379.338542889 472.910121362 165.25456457 417.919234297 182.72109569 308.139770005 417.421265823 85.7876230812 547.111225587 373.359309282 275.265096662
665.335683372 27.6709084011 10.2849110009 487.67777309 249.825044675 255.488839025 169.416935641 165.432895292 642.032558911 427.670328657 615.079770245 220.727066739 0 554.61128634 530.084253196 308.828232164 47.3590623006 153.789936577 168.386860577 254.364317292 311.323632337 516.216503078 35.8590737382 273.190757314 91.4663908341 53.7613594495 153.431825937 171.353407558 316.809499782 465.513436911 303.262470057 130.555185894 648.763844324 50.9661917878 329.507935144 512.472823071 533.551254194 374.986353573 167.52312949 110.859883723 123.233389061 96.3948727865 248.386536745 49.3526380343 278.274592464 164.005387592 101.177075676 254.277080507 309.776771471 12.4464892834 258.302404577 153.291793206 24.6777313296 615.084130876 164.775868054 229.049431038 61.323733471 221.886013971 569.509464726 483.889453993 429.435684085 191.748137132 25.9441131229 437.220805815 9.33201623277 313.985606652 226.44747341 70.091545629 33.7554528701 275.949046764 231.05390939 326.793610054 166.876444007 265.073086384 97.6409413378 294.021033925 178.707770041 296.837944591 562.884891321 295.174349861 250.252154095 80.8641239435 297.113918692 208.649206785 297.131675302 130.668748519 394.682536129 37.9084916684 151.219688587 592.174091306 599.606969733 252.388247558 57.7440070128 638.443915116 403.420031669 87.568422837 637.957330344 135.030433882 326.38891747 594.085313024 495.435073832
110.873678635 535.602879641 555.361195824 73.8967409743 305.622747983 300.389094773 385.232886633 719.695326443 89.0220166512 127.667637706 60.6590921382 334.037942007 554.61128634 0 37.2596796937 246.475928873 507.368846153 403.738085819 722.908365003 301.016788436 245.857703994 38.5899200248 585.057482185 827.765480005 645.977688988 501.148562091 401.251497907 383.558215231 238.650027675 89.4950431109 857.873752952 684.818738815 95.3920858262 599.972584642 884.118143252 42.2701518211 23.3607372696 182.473207772 387.111639118 443.763420011 434.250387487 651.000261437 306.620308469 599.661601452 278.436177321 718.583150958 654.74714929 300.472405477 245.33114171 559.167332191 297.015459846 707.572643313 543.776487622 61.3528608561 390.146375676 325.779749965 498.20392135 333.658381481 20.7301626739 75.2827131781 125.449497247 362.880022227 534.956612949 117.443480682 560.405522942 240.919989126 328.18769503 485.374340629 522.112605047 278.676041332 784.804232497 881.23043424 388.79832174 289.585165737 652.055068729 260.591659216 730.850959291 260.102276978 12.7269486612 259.503153368 304.361895247 474.4458508 851.721645008 346.19290764 257.796927485 424.333887614 160.208277887 589.800490905 705.792869345 42.3356749639 46.7976898975 806.921083092 499.221289282 83.9007956973 151.436611784 642.114513916 83.3926597367 419.584152208 880.957197628 43.3991817831 60.4959984488
137.560641458 512.17875663 531.367430285 42.6254544559 283.227903483 278.414377235 361.26813207 695.485885936 112.789611491 103.039196792 88.5513551587 310.585559672 530.084253196 37.2596796937 0 224.662418406 483.092021906 381.377981727 698.457772434 278.608248938 225.727235295 33.8216257076 561.457149271 803.184163143 621.143437184 477.011814405 377.305030812 360.018086096 213.28035283 72.9413580717 833.086709454 660.594168939 127.036059602 576.560914165 859.285260506 34.9772726135 17.9671369476 164.373136399 363.089547444 419.328580324 411.531981146 626.313576692 283.740089696 576.092916874 252.171542427 694.037984975 630.798895692 275.991492119 223.262878485 535.235896326 274.58643515 683.346072534 520.443187528 93.7953963407 366.57971375 302.492979428 475.106222902 311.060398716 57.9764269475 46.2050073949 102.005508853 338.921541444 509.575861606 97.0949005586 536.249106924 218.564206902 303.961798099 461.566341623 498.12314047 255.128848404 760.928664089 856.866630355 365.797916953 266.140085146 627.125424658 237.018540031 707.492471246 233.633204669 37.8085644901 235.371439561 280.383359624 450.647977126 826.880136201 321.471596628 235.281745271 400.648901471 136.166856063 565.941905706 681.262912918 62.8731052448 71.4753382277 782.432396963 475.682726754 111.621929695 130.728103442 617.648758078 111.288026509 395.356442427 855.94678607 79.1995939412 37.4557212201
357.349575192 289.209622486 309.195762447 183.415850588 59.1721511018 53.9407042821 139.546524126 473.503358756 334.776476011 121.731183195 307.116497551 88.1960616543 308.828232164 246.475928873 224.662418406 0 261.483332692 157.278007638 476.849568153 54.579376647 12.8712296168 207.924685313 338.690962546 581.716393521 400.293418693 255.167412371 155.448936779 137.478905302 30.0318571148 157.045777697 611.939613916 438.658097262 340.042808729 353.547846244 638.199568486 204.215942228 226.182731812 66.7384683255 141.476842829 198.256928932 187.775622276 405.183965392 60.4462387934 353.277762587 49.17411228 472.588582124 408.472299186 57.8653222271 2.35929897189 312.963215222 50.5966457184 461.397191171 297.35506919 306.480213202 144.060760477 79.834409005 251.753146062 87.2178935343 260.802712141 178.825157684 122.67568961 117.370286359 290.204998634 129.128399541 314.332397801 7.19234645035 83.6915752564 239.203097572 275.990931511 34.6570974001 538.447151494 635.037200624 142.402407269 44.6464771843 406.44727721 19.5779920712 484.391582011 41.1912318661 255.36527906 22.4701571229 60.0832526132 228.288360367 605.829567575 102.306527219 12.3540720412 178.219729077 88.7882255051 343.531587931 459.799574491 285.336882917 292.201144187 560.828983832 252.896386994 330.371697477 95.0500163111 396.143545011 329.856045449 173.975948167 635.17080804 285.313158395 188.525702672
618.126119101 32.4374266373 48.4288138678 440.743299868 202.46718525 208.130854974 122.137895639 212.425545088 594.905445164 380.551642777 567.866312294 173.411917832 47.3590623006 507.368846153 483.092021906 261.483332692 0 106.764953971 215.544507625 207.00807442 263.973842565 468.950910537 79.0687836849 320.396707353 138.821122131 6.61640131319 106.130507332 124.004828592 269.818597488 418.221731778 350.52976774 177.532554342 601.448932725 94.4868720862 376.782473887 465.210416336 486.382964082 327.627587092 120.257242445 63.7667016949 76.4616666005 143.705649865 201.046022582 93.6392064843 231.590245777 211.215183733 147.733533928 207.160784451 262.442012562 52.3740602012 210.948264229 200.289834658 40.5780943428 567.787669092 117.424901559 181.724275634 21.8759818491 174.527425378 522.194837895 436.888842089 382.264744999 144.489046808 33.7601500004 389.957201217 53.1626738509 266.668090308 179.271808638 23.1836608789 15.7379855359 228.692982715 277.846515133 373.910136785 119.542135261 217.796600691 144.999952389 246.781197161 224.820762834 250.134137983 515.71003592 248.003007484 203.038609266 33.6742360424 344.396835718 161.622678119 249.808370397 83.3096979838 347.528599685 83.0432125895 198.424653701 545.078379252 552.453377734 299.558993655 14.8854984646 591.220383481 356.125142468 134.746103379 590.730128083 87.8071598045 373.702941395 546.759057636 448.293136767
514.610114667 132.422541517 153.081620677 339.565971354 98.2279465818 103.349316298 28.5667229433 316.928992456 492.030421381 278.348470226 464.386087062 71.5376269236 153.789936577 403.738085819 381.377981727 157.278007638 106.764953971 0 320.516405422 102.847398487 158.519918147 365.172888772 181.89483064 425.279214302 244.873288419 100.207509903 21.4904999092 25.8408492739 169.701743328 314.274297353 455.649665754 282.190523062 496.956424582 196.552909306 481.908912253 361.471852712 383.416610537 222.384343643 27.9868046009 48.8795886418 30.7492351448 249.48187419 97.6532103275 196.409322609 134.982727136 316.377705299 251.80779661 107.284437818 158.481723233 156.717473154 106.865652799 304.868791746 140.439243468 463.540554492 21.2785328123 79.2639364494 94.7815012874 70.3176433838 417.787835887 335.291476901 279.619471074 46.3777127476 138.308753413 286.403884519 158.453816172 163.017130513 79.8133931797 83.723912315 120.247434578 126.463789511 381.513126251 478.340323319 17.3965527695 115.454120831 251.149182081 144.48990769 327.235832475 152.771564577 412.627281935 146.510487283 102.022474449 73.0940338021 449.607730111 65.8041180587 146.195092804 26.9977266458 245.213009746 187.00129582 303.6142611 442.511426576 449.460794581 404.34180141 96.5572542288 487.625330973 252.32680676 240.157479313 487.105285281 29.7031177462 479.071481724 442.169363435 345.636752403
833.670554817 188.126402186 167.66218799 656.031708969 417.72897678 423.256153224 337.675787554 6.80296689921 810.413870664 596.051902008 783.410818739 388.904346237 168.386860577 722.908365003 698.457772434 476.849568153 215.544507625 320.516405422 0 422.298177266 478.889013901 684.477490888 138.774313294 104.869537239 77.6871474873 221.76323723 321.657608733 339.422455455 485.190091527 633.720946676 135.141145542 38.3861796874 816.886794707 124.684746705 161.403430034 680.739561091 701.91573315 542.699234531 335.799607371 279.227307551 289.767798917 72.2650795119 416.458399383 124.453971738 446.532342752 4.98207562203 68.9737281685 422.65535413 477.857442092 163.922139806 426.263674097 16.2175916547 180.230572598 783.270970521 332.83436707 397.193699186 225.804074229 389.71071597 737.638991169 652.26650504 597.797601594 360.031649884 189.572134857 605.487577889 162.527398153 482.135111369 394.801406399 237.646625895 200.86009956 444.232950643 63.983709466 158.40940235 334.535791337 433.326628011 72.0435990019 462.324767875 28.606459893 465.099316961 731.245889014 463.533348161 418.581503261 248.561804503 129.09170154 377.03606662 465.264299708 298.650279526 563.052208459 133.515637231 17.2729218633 760.560276992 767.979074858 84.0145328304 224.089020893 806.764239317 571.623923236 80.8200767976 806.273408047 303.346832108 158.580786404 762.162552372 663.810802708
411.887577065 234.631569119 254.638392427 236.951762636 4.6207687891 4.21479809317 85.3424103496 418.933614212 389.202335949 175.569076519 361.644758081 34.3003098583 254.364317292 301.016788436 278.608248938 54.579376647 207.00807442 102.847398487 422.298177266 0 57.5042146146 262.479233689 284.111766635 527.161828643 345.829144608 200.665762967 101.120788819 83.0279436399 69.2192225237 211.613291853 557.401284438 384.093388092 394.610135507 298.975702367 583.662519198 258.765214545 280.581963874 120.690360135 87.2998891674 143.991167314 133.248469506 350.68746012 7.11287213981 298.699511106 45.1746198717 418.048246835 353.895842326 20.7351049751 55.6861402529 258.398792633 4.02182661962 406.829754662 242.781410801 361.059004248 89.5962238562 25.9618006457 197.189761065 32.643602306 315.375113582 232.577773214 176.782812259 63.4546155415 236.10357526 183.618756668 259.793113756 60.1726679892 32.391407867 184.654137097 221.446928502 25.3522839201 483.868267346 580.464460683 87.8230458319 15.5992342945 352.000481663 42.4289204394 429.835102631 57.8219716657 309.808503547 45.3001194025 15.8716444603 173.745215785 551.29847214 50.625550284 43.3509502949 123.710117628 142.450003591 288.957034882 405.260421356 339.664460136 346.638350476 506.269171642 198.319058178 384.916714943 149.580179853 341.614829737 384.404315034 119.710568364 580.656293047 339.869757378 242.789761406
356.630791339 290.896423053 311.271175527 185.236724481 61.8812295974 55.9395163851 142.752527474 475.385770055 334.576383668 123.4641108 306.502020988 91.7943547171 311.323632337 245.857703994 225.727235295 12.8712296168 263.973842565 158.519918147 478.889013901 57.5042146146 0 207.270608919 340.386672778 583.70724143 402.747012515 257.569454155 158.422488748 140.218608581 42.1961563159 156.396206338 614.029063974 440.605124654 338.508408239 355.072808673 640.291835985 203.614126451 226.225480271 63.86643845 144.720732151 201.29695928 189.224660521 407.520439883 64.0836716342 354.918435685 60.4682620384 474.698473581 410.279638354 64.8428316106 14.8953363998 314.978519749 53.7566551607 463.309101836 298.94754659 305.198020384 146.747925329 83.4342800913 253.28878378 89.516056232 259.406528761 180.353194893 123.891951892 120.956866348 293.469690659 129.158168914 316.518370015 17.9622322452 88.6583191449 241.399159668 278.179390576 42.1581421075 540.032679229 636.841052449 144.462219489 50.6338278475 408.954542706 30.5474890465 485.696974877 53.8946127663 255.20262116 34.2939901062 65.9101638304 230.531305904 607.959761986 107.311651316 21.6707930181 180.689989472 91.197286552 345.408886106 461.920129331 285.488121863 292.008062291 562.783540722 254.800317262 329.626756133 95.118971041 398.342308388 329.08765231 177.040471331 637.377079192 283.711104782 189.047097154
149.440465825 497.088169976 516.899194585 44.2707308851 267.082493226 261.825964446 346.813553751 681.235985686 127.456526953 90.0751609025 99.2468518578 295.580358825 516.216503078 38.5899200248 33.8216257076 207.924685313 468.950910537 365.172888772 684.477490888 262.479233689 207.270608919 0 546.551589369 789.341020203 607.610309024 462.714272826 362.823339685 345.0890964 200.652659516 50.9090261582 819.474217212 646.364875234 132.970204719 561.449095095 845.722818127 3.77815164873 22.0049668206 143.939844728 348.699014511 405.386035798 395.699876192 612.610462987 268.11814617 561.151184882 240.600469695 680.164913143 616.266506977 262.188040863 206.797331159 520.697842084 258.480974324 669.116507186 505.253253888 99.0439733459 351.677785071 287.308160378 459.668980253 295.12253788 54.2192671587 43.106211948 87.5268794657 324.470220617 496.707574033 78.9957062715 521.961463515 202.41236882 289.837425423 446.90547974 483.656249047 240.267463361 746.304944299 842.77537615 350.276857939 251.154429833 613.701279345 222.204433785 692.313093664 222.367717365 48.508651293 221.204866674 265.992281529 435.978360901 813.33029109 307.912273289 219.290688882 385.867193779 122.16449095 551.31873082 667.374160336 79.3184491116 84.9951294296 768.486707837 460.722514695 122.452470882 112.907580666 603.695906375 121.933199844 381.186192868 842.587956768 79.0115391937 26.0982103979
695.905230303 49.4965091008 30.8676807704 519.215337848 279.520363418 284.927901554 200.189295583 135.05077656 672.948191687 458.702043919 645.647177664 251.097176392 35.8590737382 585.057482185 561.457149271 338.690962546 79.0687836849 181.89483064 138.774313294 284.111766635 340.386672778 546.551589369 0 243.41618691 65.7884447978 84.7907751855 184.152147558 201.570004288 348.295116767 495.711138293 273.835867671 100.39603434 678.680770767 15.4848030217 300.085945095 542.828725623 564.346525377 404.238686946 198.368803088 142.515974461 151.165788925 69.396523004 278.437341507 14.6383171192 310.42524388 134.754778124 69.9235772158 285.477219947 339.769412197 26.8531067508 288.099344844 123.013989648 41.4757240077 645.166788438 194.98862253 259.312743853 87.1159097817 251.475179246 599.464388405 515.255618408 460.27414085 222.540814137 61.6905815508 467.617187298 27.2153488996 344.140648449 257.496220911 99.8958758543 63.5864245284 306.56456827 199.757462153 296.454406892 196.289619582 295.596429202 72.200009524 324.689573045 146.050083786 328.94362042 593.641656666 326.130581311 281.109101737 110.810057054 267.830745275 240.173741345 327.262697304 160.842838381 425.609638553 6.93282577068 122.052924705 623.214279188 630.435718849 222.46810833 85.8447597883 668.954612609 433.644744711 59.5115192844 668.449894484 166.19848752 297.348531229 623.915188317 526.348716989
938.515723841 292.858345795 272.523472279 760.726811553 522.590901957 528.106182636 442.533130209 108.367852299 915.216910364 700.855828884 888.257443279 493.771565158 273.190757314 827.765480005 803.184163143 581.716393521 320.396707353 425.279214302 104.869537239 527.161828643 583.70724143 789.341020203 243.41618691 0 182.065219293 326.627786559 426.518401632 444.29191008 589.942853357 738.589114641 30.627299516 143.102127139 921.755251779 229.026514125 56.7463717622 785.602223946 806.741833416 647.531092129 440.653948138 384.048808404 394.53589376 176.871997397 521.327742204 228.976722382 551.156780605 109.187249522 173.493483222 527.466633395 582.726460295 268.771897002 531.128784459 120.410786125 284.891785333 888.140344202 437.703851528 502.062462826 330.520317854 494.568930085 842.507964762 757.002529213 702.625684412 464.885735006 293.880828655 710.34958393 267.396892113 587.004434458 499.633418613 342.513375924 305.728761901 549.089476385 46.9870207906 53.9760062307 439.388518731 538.187946382 176.149014633 567.177181603 101.760913553 569.72234199 836.07498818 568.362961069 523.425116566 353.429818511 25.0482823299 481.822524508 570.13377888 403.519792503 667.873289134 238.299145594 121.975893447 865.346295477 872.79722427 20.9704883656 328.918957079 911.615094622 676.49191171 185.652217982 911.125695385 408.190485671 54.5518854979 867.028785962 768.624431359
756.657658326 113.373515343 91.9071606104 578.672590678 341.287921685 346.937797291 260.851581398 75.532703182 733.251509553 518.905209117 706.409018 312.178499352 91.4663908341 645.977688988 621.143437184 400.293418693 138.821122131 244.873288419 77.6871474873 345.829144608 402.747012515 607.610309024 65.7884447978 182.065219293 0 145.185850287 244.881149901 262.819752715 407.932172077 556.935918588 211.961546081 41.6468562084 740.205352029 54.6632309205 238.182752799 603.863349862 624.831524908 466.438089585 258.950150488 202.224791778 214.181401371 6.11124818126 339.850502329 53.2105355482 369.091914123 73.0949849635 22.0858292091 345.555645974 401.237353503 88.4197354869 349.76834974 63.5608794378 106.010132047 706.507842495 256.24222631 320.506327907 150.791359761 313.338624906 660.951579613 574.969190941 520.730595436 283.165631958 111.910077777 528.616273096 86.4364300707 405.434947707 317.790100506 161.37632883 124.65334023 367.350802678 141.350446967 235.859861674 258.285578401 356.493263073 6.41611038077 385.405888393 92.5277232531 387.657314781 654.170597288 386.493440287 341.621067767 172.221907611 205.777743511 299.871501587 388.585482521 222.127158197 485.963435009 59.5063004427 60.4142512902 683.357418826 690.863276227 161.386287626 148.347399514 729.784195395 494.8476432 9.10667503008 729.302053463 226.443103796 234.979739451 685.537324436 586.687562959
611.925719181 37.0247278914 54.366560977 434.691746508 196.11712526 201.752291585 115.922758031 218.579127717 588.753896305 374.412861604 561.66438231 167.145978482 53.7613594495 501.148562091 477.011814405 255.167412371 6.61640131319 100.207509903 221.76323723 200.665762967 257.569454155 462.714272826 84.7907751855 326.627786559 145.185850287 0 99.8976577751 117.693814973 263.756787811 411.964522414 356.795466875 183.690971195 595.165789417 100.143499237 383.052003034 458.976359212 480.211136812 321.252828925 114.055552876 57.7649579041 69.8638445875 150.021908733 194.741584789 99.403287853 225.673413942 217.459465291 153.787202034 201.042594524 256.142703091 58.2629421999 204.613216835 206.448436007 45.3495678596 561.523065017 111.10906678 175.444652147 17.7532627321 168.154736714 515.913064333 430.807040762 376.095656233 138.285398764 40.1485539273 383.724569726 59.2704746292 260.390823064 173.12249295 16.5717595365 21.2044184063 222.476848685 283.918429516 380.09384117 113.116383979 211.564407597 151.385322112 240.575787094 230.719562223 244.204394324 509.533407118 241.844594843 196.858289413 27.1394470994 350.673584668 155.568693244 243.525190316 76.9556868007 341.371747454 88.9742671383 204.66865282 538.944891891 546.288154626 305.773686244 10.3259557162 585.011355151 349.867044747 140.995313516 584.518647632 81.6636396104 380.003503463 540.463771835 442.137967786
512.029717907 134.930212403 154.162136882 335.077766189 96.6316344511 102.483142994 16.0408656821 318.466241514 488.897018738 274.586984857 461.768106239 67.2973534376 153.431825937 401.251497907 377.305030812 155.448936779 106.130507332 21.4904999092 321.657608733 101.120788819 158.422488748 362.823339685 184.152147558 426.518401632 244.881149901 99.8976577751 0 18.3110598076 164.190522612 312.091912654 456.660185492 283.581821898 495.332044541 199.277037844 482.912469925 359.083966549 380.333993976 221.809977032 14.2236753356 42.8783277629 37.7534428219 249.820831043 95.0053529385 198.788158014 127.003850122 317.341744509 253.598076499 101.333948126 156.365325743 157.999192605 105.019015662 306.338350091 143.231098814 461.659407787 12.0446126776 75.6301992911 98.2652328434 68.9565763988 416.077656873 331.103521228 276.224861643 38.4064662616 135.051278051 283.83119428 159.161061773 160.554692208 73.3447544501 84.26448187 120.903470843 122.579413424 383.720876532 479.989310159 17.3382187482 111.669545142 251.017963422 140.681153672 330.19244762 145.371266704 409.651382239 142.004965969 96.9932510724 73.3434443283 450.525513324 56.363826754 143.704537124 23.5138053958 241.51936811 188.68429677 304.550954258 439.116507103 446.416216091 405.669710108 98.4217197476 485.113847482 249.995828128 240.872924558 484.621004931 18.6248331383 479.819104565 440.656456198 342.281351369
494.379634476 152.194768073 171.810594695 317.901321186 78.5075941246 84.2850201083 5.69856067839 336.147339586 471.378360492 257.166249412 444.118186353 49.5307903254 171.353407558 383.558215231 360.018086096 137.478905302 124.004828592 25.8408492739 339.422455455 83.0279436399 140.218608581 345.0890964 201.570004288 444.29191008 262.819752715 117.693814973 18.3110598076 0 147.207087517 294.304576643 474.484202239 301.279146257 477.475707929 216.592270005 500.742067154 341.357055356 362.777616468 203.703859718 7.09395214139 61.1016969562 52.3391956767 267.705486921 77.0477706558 216.192754282 110.970472728 335.140112703 271.190858691 84.3302918931 138.449111363 175.609978841 86.9550340372 324.029148593 160.438223223 443.848574259 6.58878744301 57.7809366805 115.116209002 50.7121493198 398.224207437 313.833721523 258.706246851 21.5556372822 153.295251455 266.116593863 176.895068734 142.7130172 56.3639267169 101.816960228 138.572671764 104.996261187 401.27135604 497.687530591 8.86668478445 94.0267840066 268.982289541 123.122501575 347.535022408 129.112086537 392.076279211 124.64720004 79.6501166099 90.8893512127 468.36608155 40.7142964136 125.841890395 40.778339452 224.058003127 206.24616818 322.349848065 421.656138262 428.866728141 423.42072272 115.730519512 467.44344298 232.209838784 258.683212005 466.944280565 36.9111977313 497.695815943 422.770097237 324.782560027
