100 5
0 320.709748419 390.714921976 399.720236312 146.161001683 266.441159671 258.88673789 301.73798037 482.168820367 346.127133692 354.65229368 400.721330123 333.502081515 389.744398061 273.494004242 370.399919229 293.423187387 426.892205341 270.635608139 302.597197627 192.329836277 280.05643404 443.64193305 284.073844044 184.372384755 121.604554424 296.525721068 448.488387102 411.22047882 360.128089784 94.286655927 232.211115175 247.099501196 374.027593901 409.637292448 168.195797314 496.586408507 243.948476806 232.442488379 435.007017328 189.105646096 270.97312957 315.6867322 381.163502047 298.650867606 436.653677851 328.283380753 306.946030887 479.18176944 386.186401032 424.945807056 140.98423651 415.339454564 144.371138445 298.661754314 324.993061572 224.603892226 107.394033889 326.74030491 318.841674378 319.881487255 278.291038806 307.779619595 127.87108689 380.595234074 382.234551924 432.979363426 461.645825912 236.927209243 145.738567599 425.052620227 266.147445951 331.531805129 374.570948172 100.904427637 365.15773139 407.13582372 134.046027532 243.623849838 350.781864646 393.601029337 303.552181186 457.731016408 376.447732724 358.293634428 325.993161019 364.805992598 249.211789481 335.436019764 262.086376586 304.27001155 334.758067782 403.784676089 153.584472398 229.207526042 449.290979519 258.57945361 294.693266034 408.754519317 140.438196567 161.992538241
320.709748419 0 534.009270298 554.940846598 452.623724911 58.8227950529 62.2002897939 137.284600921 737.660016937 44.5696508645 620.526970853 641.287263629 387.543280664 656.32190005 370.812986586 639.30568507 357.879624293 539.76083709 71.6470287308 300.890701517 502.378862624 373.67530852 708.376040243 65.0469949164 324.67913231 439.176963045 369.375399365 699.218712435 536.100636583 487.458416842 391.132469247 90.3069720387 562.253328777 499.902347665 690.988549388 475.284429657 757.211485209 564.519690305 552.185573775 685.497934878 489.660072939 341.130802983 18.8791658104 430.21776866 308.38349956 526.81487618 56.6213841676 471.290371536 758.474510015 484.638109261 581.908302844 457.63266434 678.345951087 463.611416791 48.2926161913 428.1973941 96.4468010557 400.590291866 24.8031271677 442.94632099 311.655102267 42.5179638894 73.644675386 443.545951342 529.399416963 665.855485861 572.376002235 728.728606752 284.804157027 466.448204862 560.569454462 96.9943691026 404.268892661 664.686450478 419.531176298 521.285836573 86.7766762573 454.603524838 82.0919111912 449.121462424 483.414447206 329.800428608 728.494426435 637.997960567 628.819993679 46.7211352161 520.053267654 270.565727801 618.204363231 107.271251119 293.860287905 383.918796852 492.492363905 472.872231228 548.641255276 717.353062956 358.077013804 365.540002055 537.354666672 438.971904865 482.642764352
390.714921976 534.009270298 0 25.0395655778 323.377279026 481.841773257 488.714730052 411.189810335 794.38208224 524.217426393 675.051656243 739.121339609 161.631027916 702.818098029 163.288973371 684.077598072 179.13555335 53.2683243772 462.77293366 246.706229231 335.103534577 160.342326603 750.099884531 546.169264952 230.793509757 426.032763947 167.10751021 770.538022459 31.6035655918 47.4241714163 319.516377704 464.906230476 495.182200986 37.8124240472 697.648622706 323.856467105 800.636826942 425.645310815 404.716605815 759.189530152 304.725412416 193.255478689 543.563654713 145.86913519 236.554493783 85.815568563 496.428629912 83.826199077 758.440419193 72.9722364316 48.7662820934 437.203816426 728.471212028 375.749984105 548.90824425 107.530070955 478.668317605 309.212036974 555.314724748 91.2077281638 244.03757242 507.870487569 469.407909557 354.187926329 11.6867863435 671.902907763 42.7782803409 762.223512154 249.298877024 400.738397219 34.4163571927 437.064224597 139.473621791 654.066630155 368.331599874 28.5588372561 590.965802345 390.323193897 503.475628715 92.6582618745 83.8706484599 214.599040169 753.766065309 697.87763789 672.232617561 570.072492298 28.194257956 263.908940214 636.811170032 426.805342865 255.316901566 166.975014805 83.8371557036 426.472639316 456.842375024 750.447429245 176.757680035 170.929700666 25.9767554323 306.374463598 399.687918515
399.720236312 554.940846598 25.0395655778 0 323.624074368 502.043585093 508.471449238 433.740476049 791.283526646 546.189823547 673.574003916 738.735518214 186.117314258 700.484512297 184.220571934 681.962891667 202.034754735 69.4587997509 483.521650692 270.389293586 331.628689787 181.742984824 746.841248979 565.360996403 246.658212607 428.064425245 189.959952614 768.44241853 49.6225931827 71.0915052306 324.521353511 484.163470728 491.401594164 62.652424331 693.418087872 322.341115279 796.822898188 419.835154827 399.162880389 757.359130756 301.876708577 215.073823062 564.075342156 170.833189337 260.104226999 104.622750763 518.409294646 94.4242518723 753.028256607 97.7019100664 27.4292194221 438.287815895 725.927091626 375.612029175 568.618086238 130.67653857 497.280987564 313.604710853 575.919450281 112.23084306 268.216463268 527.902863054 491.258816223 355.252475334 25.6874798142 668.05529852 37.7754508263 758.402759605 270.154094823 400.734942204 36.8198691942 458.118385604 163.746947819 649.678212338 371.124709483 35.8974318943 613.31711473 390.95544645 522.226680103 117.232352834 108.233500714 238.271529984 749.654624991 696.281505341 670.252236918 590.236618109 36.7071277671 285.538445908 634.229210293 447.884887005 279.043135488 191.515714244 107.423669855 426.460979316 452.848005159 746.762739509 196.959593029 193.749664972 43.73147673 307.699086574 398.618201222
146.161001683 452.623724911 323.377279026 323.624074368 0 395.062851075 390.58245086 402.317729034 474.341002127 471.193923319 352.409936409 415.747559949 331.96194447 381.459054411 268.746419706 362.372472897 299.909555534 370.867532232 393.250672905 339.944226543 49.8982218434 274.815457186 430.671776541 424.116821176 202.950499377 106.947288919 297.060996724 448.567710492 351.0365494 308.881773224 61.6932741185 362.318035269 181.676069934 320.524983872 381.763928724 22.7629105577 482.502592322 134.025993031 114.969348028 436.850646547 43.7295916344 283.49207725 450.520232611 369.435867899 331.92591239 391.567703987 449.470997338 245.733483349 446.728211515 346.11588321 343.925740036 114.999225481 407.442432222 52.4880698017 437.159791727 297.908452738 359.550985479 54.1501741571 462.254335842 280.716776968 354.289205696 411.32948658 425.340727339 33.1431186732 311.825331115 354.906464656 360.927287328 444.352707591 278.759691035 77.3664587287 356.433961012 381.865009124 320.243069303 339.38704087 58.1483301201 294.916123906 536.819114605 67.4028883354 381.22255811 319.247433935 356.839150774 326.72951028 436.911532326 375.340562045 350.330442113 464.463304246 295.191854395 298.377995815 316.322088274 375.285160777 345.117407754 335.468044099 365.546786984 103.095985628 146.679427045 432.236212398 259.198621743 297.069709237 346.847970664 21.3473272047 78.0210343772
266.441159671 58.8227950529 481.841773257 502.043585093 395.062851075 0 16.0478302374 108.271496459 700.805192466 80.2868563052 580.495252715 606.263058448 340.791872033 616.533692668 318.633148381 598.890794796 308.527303104 490.674666685 26.2404996383 256.794742865 444.903124984 321.962788141 669.428162629 72.4075676014 267.585939565 386.54922294 319.623046671 662.942957392 485.71282626 435.886950187 333.448856534 34.3546275832 510.855581598 448.726204252 648.486292276 417.655619571 719.48246664 509.436369341 496.465750259 649.127459215 431.531295626 290.307944289 62.869162533 385.780544824 263.126717507 479.993356091 67.9815378642 416.370336905 716.846806527 435.916813797 529.220226738 405.381220492 639.472640437 407.901576363 68.9694399241 377.446509947 49.4541400766 342.63017507 75.1222124268 390.63433459 269.402168399 26.5731319591 60.335502631 387.080098398 476.672023177 622.691563495 521.162306801 689.468644139 232.833543718 411.906503758 509.54926724 52.5608520886 355.962950711 620.114560176 363.820658153 467.814949075 141.902001607 399.68198771 50.8692577396 399.478852753 435.619883654 283.656034638 688.476580516 598.990949296 587.980631258 88.2308212362 466.635092655 220.594528023 574.828759022 61.7069199469 250.581002645 337.621304806 445.05027907 419.64938489 495.422860704 677.805182553 305.175021825 315.834468624 486.62208472 380.981988407 427.814223996
258.88673789 62.2002897939 488.714730052 508.471449238 390.58245086 16.0478302374 0 123.359801295 687.301809357 90.9743323859 567.624467108 592.383302906 350.393715435 603.622301182 325.801681049 586.118299873 317.145654653 499.056735523 41.4757311898 267.601593191 440.30003881 329.380393147 656.348343145 60.2202336167 271.045585371 378.045693565 328.026527995 649.31501239 493.50251139 443.147664133 329.158631166 28.6085199235 501.762458615 456.174061311 636.25873862 413.264788991 706.160362155 502.540927304 490.06816 635.512534786 427.93689165 298.285225094 61.330243797 396.103050102 273.518748479 489.314743194 81.9120563118 421.552873546 704.414499255 444.534265509 535.742325642 396.681119522 626.365516667 401.486031674 60.1978924174 385.232132522 36.66596138 338.769801667 73.60134279 397.564957803 280.726796111 21.3816536361 76.2246304132 381.346469681 483.230834122 610.634097214 528.499622701 676.464644915 240.437460714 404.602223213 516.998146937 66.271306063 364.909249719 608.462269921 357.399481809 473.930934241 148.250766327 392.646674011 34.836266085 407.750378546 444.62368708 293.654628234 675.644693671 585.896588494 575.305368552 82.8470912085 472.785961658 229.289724544 562.810388081 74.6674953831 261.672898435 347.401007043 454.180350374 411.502429473 487.298086965 664.861945885 311.959680936 324.270387401 494.242263609 377.157351911 420.717428816
301.73798037 137.284600921 411.189810335 433.740476049 402.317729034 108.271496459 123.359801295 0 769.915315258 115.274725506 645.145997666 679.552559658 256.863207025 681.147512544 251.296989267 662.506151543 232.110353676 410.79306926 82.0496529223 168.57289325 451.138353441 252.807793016 735.013204831 179.204867563 229.221211058 422.038457447 244.102534858 733.46572615 409.425626528 363.839598438 342.45989232 120.659114868 547.137821975 375.23114947 707.018008177 423.396603261 786.82595827 529.878590158 513.702766033 719.640440345 431.301796252 219.12885877 152.70715802 296.453972247 177.31188257 394.840625382 88.0338787872 358.063538153 776.471212626 355.601713094 459.860387957 441.608860637 705.55757874 427.988004925 171.589796413 303.721360834 143.867247661 348.210391415 161.859987859 321.918631647 177.281346514 131.510537321 63.9709177212 403.271632404 408.063190379 680.095381665 447.002952904 754.226719892 168.944427013 438.052541412 434.905633765 58.7845757975 275.628021759 674.257652731 385.760348566 402.159827068 179.915818879 424.388560118 156.280243996 322.088646256 353.018627113 199.394103022 751.749819124 665.355641915 650.897314984 182.289086973 400.788259448 150.151778658 632.489673752 53.8244908821 160.806063766 252.694669423 361.539846978 451.47943312 525.000213738 742.130797278 241.153650276 240.272664632 411.336684315 384.377080721 451.965332461
482.168820367 737.660016937 794.38208224 791.283526646 474.341002127 700.805192466 687.301809357 769.915315258 0 776.721134261 127.711515319 99.0764151342 796.855929686 94.0306672361 733.100005832 113.610890742 760.190724811 843.792476928 715.978342249 781.876786644 459.666724424 739.591546958 44.6449379097 677.759578913 651.786917488 384.809833434 760.082456576 39.1721072421 823.373828481 783.046935576 498.57577415 669.434453437 300.092990719 794.408418034 103.060593021 470.974237246 23.7003551044 375.619104973 395.004240566 52.4570454452 489.713935057 740.052060744 724.223702166 838.90079909 776.738052656 865.738728365 768.7831297 719.62878292 81.513465652 820.411591824 808.141693168 368.56827553 67.7881940896 422.241671291 696.299698309 770.141183527 651.363349769 504.010938097 730.836612013 754.464740791 798.707442673 699.416754394 756.604501977 447.029958824 782.704053749 124.828186066 829.057065326 39.6107588263 715.822609609 398.356444618 826.094994079 722.183211259 788.599060306 145.871609815 441.974457503 765.838278968 818.229535871 410.771525196 657.391717556 792.581485051 831.01290583 778.310469209 51.83964231 105.729102489 125.939798379 718.055013394 766.29822977 729.998265742 158.025696952 721.590315655 784.394957965 799.467817026 839.824360436 373.422723447 338.75551387 47.8319360157 720.813022227 759.246257446 818.841717724 493.714632302 396.424016681
346.127133692 44.5696508645 524.217426393 546.189823547 471.193923319 80.2868563052 90.9743323859 115.274725506 776.721134261 0 657.981081273 681.065518428 371.910039065 693.925403453 362.366271406 676.56731946 345.702708993 525.670661555 78.0070114924 283.749513973 521.090718996 364.500928117 746.436092691 109.379661228 326.464843091 466.621558965 357.562599328 738.512750724 523.732972938 477.060629213 409.506216928 114.598030591 591.083810342 488.850954916 727.082702774 493.586528251 795.883575985 588.365115617 574.904518559 724.743150841 506.109448444 331.121448175 63.0250954026 411.677677073 292.29014342 510.106369804 27.788823728 466.648611556 795.115628089 470.441865 572.688628043 485.518513754 716.426952874 486.462299418 92.8614323386 417.09726163 127.640191892 417.984577748 64.8505994767 433.991390337 292.513835825 77.3261308038 55.1090105464 464.920822311 520.510628 701.529111228 560.969522401 766.641772195 277.389371471 491.262789969 548.94645329 94.4008301919 390.256043818 699.434719148 442.453059848 513.672438424 69.4405080967 478.831844075 119.35786082 436.360626885 468.110367781 314.282737431 766.014727112 675.988393387 665.844140121 87.3226249949 512.357089429 260.732099245 653.72109669 103.546253611 276.052356853 367.824589688 476.712982136 499.547146839 575.279596767 755.113499508 350.904949966 353.714765495 525.45323895 456.124508517 506.988931997
354.65229368 620.526970853 675.051656243 673.574003916 352.409936409 580.495252715 567.624467108 645.145997666 127.711515319 657.981081273 0 71.5903192082 670.446410491 36.1069425596 606.811214616 19.3780405739 633.368297643 723.226627999 594.284558691 654.197543792 343.175036496 613.336775725 89.8745245644 562.923876915 524.603825805 258.514390995 633.541259842 96.8457505507 703.243672847 661.089357446 372.594689081 548.25828042 188.756387006 672.887492166 78.7033558275 351.340713162 142.217537672 268.407730641 285.580741468 84.5789914549 371.984203147 612.993053711 608.161531928 713.210663705 649.109936264 743.715831661 648.379993473 598.118019244 139.491731753 697.387041584 691.890600342 243.070296439 60.7712812792 299.936682065 581.324877425 645.487828211 531.253534789 378.652360288 615.598612167 630.736722103 671.051138133 580.996179665 634.789227577 323.530477926 663.424968994 64.1273821575 711.240199042 109.263624535 588.140429957 275.362947307 707.533689698 598.997791857 662.787607748 80.7875050017 316.366069713 646.506494838 703.268610841 287.035368706 539.16020501 668.452670726 707.670288301 650.887585054 108.033646521 23.0013168915 13.883759093 604.456462356 646.866442935 602.287545256 48.419543159 597.894574952 656.690869298 672.93497876 716.713523756 249.895362603 226.552984704 97.3908333192 594.248208193 632.613694312 698.941509789 370.926840575 275.369796922
400.721330123 641.287263629 739.121339609 738.735518214 415.747559949 606.263058448 592.383302906 679.552559658 99.0764151342 681.065518428 71.5903192082 0 725.527506527 67.3535237479 662.407974478 74.423227104 687.356485956 786.220127559 622.429481598 703.12045921 410.312036847 668.99491656 86.0818117026 580.599882659 577.661055611 316.641414468 688.380123737 59.9329355911 766.638036624 722.971973398 430.17501755 575.605140821 259.055787111 735.158295007 118.765007794 416.550361917 121.319681854 338.989272368 355.603217318 47.3596528849 438.269910666 666.205224071 627.428318513 769.822603151 698.795911351 805.330316291 674.147942108 660.614619131 151.965080659 758.035119088 757.857998899 303.100093344 64.3713482097 363.387445595 599.153982333 704.115496795 556.824374383 437.413818161 633.724428383 690.714742599 720.302539708 603.746735728 663.055193799 385.465668516 727.560533463 119.526253461 776.251567964 105.382113824 637.233252142 338.383349029 772.067869721 630.003217317 719.290915161 141.431900012 375.233645661 710.647147944 720.903012229 349.067870101 561.724824451 727.781659808 767.915761168 702.228790278 112.075204202 54.3800460415 81.2329576878 620.440262874 710.933197264 649.932985051 119.674478504 629.974424077 704.95798605 727.67439798 777.213055792 312.651907023 296.268262458 98.788237011 649.157690542 687.19353301 762.526417166 433.26460227 340.189411815
333.502081515 387.543280664 161.631027916 186.117314258 331.96194447 340.791872033 350.393715435 256.863207025 796.855929686 371.910039065 670.446410491 725.527506527 0 702.833194556 63.8622227597 683.273157806 40.9002786724 154.044085109 318.619001126 88.4105902915 364.712620589 57.485684601 754.719245274 410.245589603 149.371698939 412.076519673 37.220340332 767.132624223 154.290954014 115.333432467 298.364506675 330.533876412 513.215265099 123.917754763 710.001254471 343.138557953 807.577013564 460.804598418 439.935813509 754.368184628 334.612486469 64.2144033107 399.481484347 50.0057472688 79.6287019736 139.360291523 344.341615582 139.337498054 776.700417205 99.0100292106 209.855294776 428.424647913 729.086035706 380.373043156 409.669693565 60.5942899567 348.228922969 293.698476447 410.512191418 86.6447030468 82.9963860844 367.362867048 318.374640761 353.674153049 161.491770685 682.611947539 192.752457555 770.145221245 116.878417975 402.037434294 180.50697105 291.501820739 23.0765569184 668.831277322 355.131021517 160.779136196 436.242860174 388.602436327 371.393100522 68.9809872033 96.2103164356 57.7963287692 763.777405741 693.300553652 670.953572921 427.713681049 159.205918372 122.198257659 640.635804174 281.314231493 96.5226259675 5.6904111202 105.01097468 425.558861647 478.628270551 757.799756381 76.3700645935 38.8142733101 156.911051086 310.81112747 407.785513785
389.744398061 656.32190005 702.818098029 700.484512297 381.459054411 616.533692668 603.622301182 681.147512544 94.0306672361 693.925403453 36.1069425596 67.3535237479 702.833194556 0 639.084956925 19.5994789708 666.166654645 751.69111174 630.380450372 688.361344415 369.07480096 645.579841312 54.0231309818 598.442451604 557.83224569 290.779785982 666.053030636 68.2099658007 731.458667119 690.334052207 404.57697768 584.334712241 211.202280693 701.879035451 53.7341346173 379.004051178 106.843992834 289.318575837 307.666737694 58.5103310292 398.609671645 646.06007524 643.840860878 744.978809349 683.100549159 773.023980615 684.430244361 627.074384262 105.539621921 727.293197382 718.071821374 274.602994924 26.2546826016 329.167610423 616.868343471 676.467155931 567.273506946 410.110664478 651.186471958 661.079402572 705.125947239 616.900429477 670.889241982 353.58662491 691.158028963 52.4284193363 738.226634001 73.1635575272 622.325841145 305.024858631 734.906080738 635.097951248 694.651171348 74.9372642754 348.015390466 674.259415489 738.851330142 317.227643389 575.037718725 699.071530579 737.780026638 684.455456071 72.1832351608 21.1608812261 31.9283429066 639.835841969 674.673752736 636.769517225 66.4766744235 633.978161713 690.997363037 705.438982359 746.678346655 279.901316073 249.738751295 61.2947376437 626.782803885 665.215591215 727.028350145 400.541540174 303.76471391
273.494004242 370.812986586 163.288973371 184.220571934 268.746419706 318.633148381 325.801681049 251.296989267 733.100005832 362.366271406 606.811214616 662.407974478 63.8622227597 639.084956925 0 619.532553253 34.2655264156 176.092923707 299.50420121 99.9295464252 302.994224276 6.61752948317 690.903034777 383.828432925 89.5309888699 348.36797568 28.479663579 703.539787686 168.316348127 117.346128745 234.556509543 302.604504358 449.703212981 130.469230695 646.150944449 280.638350588 743.743942052 398.765274887 378.06030622 690.820684551 273.37239533 33.0128069553 380.275219558 108.101966523 88.9680087201 173.839006726 334.616541839 108.590312245 712.908917834 124.326772772 211.103752887 364.617025635 665.339127492 316.703974669 385.993879842 61.0647438952 317.410347973 229.837386018 392.028366808 72.1370225443 106.009991627 344.740262302 307.335466909 289.929584617 158.624429162 618.75556133 202.702241703 706.294287429 86.0252307064 338.230825407 191.252321556 273.930135385 58.0458149205 605.026832757 291.298087912 151.307622157 430.027870878 324.766610809 341.891998015 86.1838551407 128.044893556 72.0829077724 699.915791129 629.686556544 607.2164288 406.859466874 149.990857943 101.673346853 576.790756049 263.68801495 108.362854165 66.9147847489 138.40853166 361.702979063 415.416140644 693.951216505 16.0176528749 29.110427807 168.713330935 247.517274185 344.153904933
370.399919229 639.30568507 684.077598072 681.962891667 362.372472897 598.890794796 586.118299873 662.506151543 113.610890742 676.56731946 19.3780405739 74.423227104 683.273157806 19.5994789708 619.532553253 0 646.580315653 732.787962258 612.438373459 668.801775957 350.744131581 626.030183383 73.2423654589 581.92071171 538.233048571 271.209713064 646.483226667 86.4845625624 712.612292043 671.253459997 385.039535278 566.525676683 193.715459265 682.853470008 60.0339913035 360.225136244 126.256087373 272.457013912 290.436850171 75.7104220936 380.098053747 626.463881638 627.045029961 725.479398096 663.525124137 753.936054301 666.736400732 608.049441424 120.201538764 708.082623842 699.750477506 255.092643336 45.8229183494 310.028041485 600.305453875 657.069961814 549.700645537 390.629158641 634.548584382 641.784839622 685.557349359 599.647333097 652.904650479 334.302215425 672.42454215 48.9225333282 719.689208915 91.7665822157 602.769942909 285.79520418 716.268001388 616.829690377 675.13967581 68.5918960578 328.50510118 655.519141201 722.21800593 297.910444857 557.850104907 679.732349856 718.531942321 664.85871167 89.6436297516 20.0765962615 12.330731851 623.525903452 655.920133786 617.254175252 49.0872283817 615.59637457 671.45459721 685.870406101 727.457804534 260.60211397 232.092324735 79.6249837637 607.210719066 645.639931761 708.212168404 381.348064497 284.786746743
293.423187387 357.879624293 179.13555335 202.034754735 299.909555534 308.527303104 317.145654653 232.110353676 760.190724811 345.702708993 633.368297643 687.356485956 40.9002786724 666.166654645 34.2655264156 646.580315653 0 182.184520532 287.589225822 70.5863652644 335.621188785 30.41887751 718.426994462 376.442001534 109.950213933 375.459948342 12.0856422277 729.889631636 178.355738187 131.748078073 262.477757705 295.882999445 480.038945225 143.191652549 674.842440223 312.673168306 771.41073504 431.05669935 410.493735725 717.007204112 306.328703661 23.333267169 368.720550817 90.6817933505 59.7127777977 173.069841898 317.930983724 136.604898868 742.095809268 127.410261465 227.858655296 392.291781105 692.402572616 346.737340185 376.99061281 71.6197329868 312.563890565 258.733769033 380.11125986 91.5964661589 73.7712385753 334.999841688 291.178064505 319.709616234 176.426948933 647.347419267 215.279791878 734.207991172 78.7892536548 367.586892359 203.286942206 261.025461982 48.309883811 634.175033503 319.31757533 171.846394103 411.97178171 353.900187869 336.285519036 91.2428908602 127.751898697 39.9111293928 728.122580155 656.147437375 634.250989229 396.297648133 170.392493252 87.9358200861 604.67111743 250.750562516 79.3147953213 41.4411048891 137.551495445 390.50397153 446.384155353 721.830735577 40.7129566982 8.37382296074 179.855839664 278.591905203 374.270567107
426.892205341 539.76083709 53.2683243772 69.4587997509 370.867532232 490.674666685 499.056735523 410.79306926 843.792476928 525.670661555 723.226627999 786.220127559 154.044085109 751.69111174 176.092923707 732.787962258 182.184520532 0 469.731166081 242.453504814 385.436168889 171.47538452 799.6644118 558.023062001 255.875105855 471.309931573 171.067031739 819.153290709 21.6835389302 66.7650127071 361.950408532 477.096815915 545.386420526 52.9382165238 747.9529589 372.824954372 850.579907137 477.168662226 456.134246967 807.587894798 354.743765477 200.913697572 550.85611286 122.872501905 233.48169991 35.8588040972 498.028737261 125.788542299 809.468294196 55.2387692037 77.0271917218 483.426558753 777.492635977 423.355527404 559.022060735 115.068952408 492.794094474 352.474011013 562.191913806 110.559344133 236.078003368 517.121439702 471.789156555 400.759696912 64.3485534601 721.960666235 48.4436841803 812.195625416 258.991515109 448.131444671 38.3966372807 443.054522626 135.599289322 704.510638342 413.038469234 80.1395193636 590.28395964 437.157485068 516.997738254 91.3328554788 58.8240069694 211.414239015 803.949880174 746.131396054 720.842850537 578.482163941 79.3325178864 270.089003605 685.951687641 432.789903829 250.541826646 158.46555426 52.3114392042 473.789505731 507.248551242 800.328860444 191.488853366 174.846086806 27.3459567275 352.956199752 448.024064645
270.635608139 71.6470287308 462.77293366 483.521650692 393.250672905 26.2404996383 41.4757311898 82.0496529223 715.978342249 78.0070114924 594.284558691 622.429481598 318.619001126 630.380450372 299.50420121 612.438373459 287.589225822 469.731166081 0 233.446246662 443.14372808 302.500988233 683.619224837 98.1481069706 253.858075726 391.877960079 298.921649166 678.444437682 465.490885723 416.389635966 331.571814097 47.0336383038 516.978432963 428.974486335 660.774444747 415.617029843 734.208732914 511.513998155 497.685696538 664.607067772 428.115735806 270.224300049 81.1316498725 362.747909047 240.21905651 457.969683009 57.6485520681 399.648666133 729.530811324 414.754123825 510.544295268 411.015575463 653.751014798 409.387693665 92.9756351573 357.388055773 68.1788141642 339.987359258 92.6286513185 371.638423998 245.485289126 50.9690620706 40.6373769053 387.444355603 458.013996698 634.634350099 501.461723957 703.468900026 213.479820442 414.963206948 489.722052462 27.5165365769 334.52802515 631.193115426 365.475740404 449.747766165 145.577659248 402.295228076 75.4399992119 378.782434941 414.004118021 261.143293078 702.0819253 613.275479284 601.320167605 109.100029473 448.523796181 199.882276866 586.739558081 37.4369990239 226.942175262 315.251351272 423.278261118 424.216451943 499.762926338 691.673867209 286.594744725 295.102425741 466.607925014 378.118375558 430.450701293
302.597197627 300.890701517 246.706229231 270.389293586 339.944226543 256.794742865 267.601593191 168.57289325 781.876786644 283.749513973 654.197543792 703.12045921 88.4105902915 688.361344415 99.9295464252 668.801775957 70.5863652644 242.453504814 233.446246662 0 380.937470617 98.4684411597 741.685171681 327.813458916 137.194010225 400.940356548 82.3467749787 749.479822713 242.092862432 199.399967701 293.301711341 250.229126265 514.485144337 209.645804995 702.124704799 355.794140781 794.850598385 473.753039476 454.034547338 736.183442053 353.632500899 68.5679415253 313.622908135 129.404854373 10.9954432003 226.495317336 256.269254819 206.855384777 770.70665752 187.37347873 295.422298682 419.189385335 714.377161064 381.916014647 325.727459689 139.892573251 269.735341087 292.516772542 324.321169912 161.760692271 17.5715732893 283.29062881 230.620573316 354.587167448 245.015975359 674.46610938 280.228380365 758.621637985 66.0596383625 400.154323998 268.025200219 206.020045561 108.19362869 663.24267082 348.748937514 241.54704948 347.832304172 386.000695913 291.490199099 155.280560411 184.466563343 32.1185694864 753.516057693 676.527293874 656.51852454 342.33451034 240.057726148 54.8982272813 629.785161882 196.010662972 8.7468844441 84.1340085751 192.971425494 420.904908845 483.508486209 746.199703021 97.4034824739 78.8762088086 244.389971252 318.793485284 409.263643359
192.329836277 502.378862624 335.103534577 331.628689787 49.8982218434 444.903124984 440.30003881 451.138353441 459.666724424 521.090718996 343.175036496 410.312036847 364.712620589 369.07480096 302.994224276 350.744131581 335.621188785 385.436168889 443.14372808 380.937470617 0 308.681687297 415.255366342 473.001661604 245.301590477 125.206385281 331.471344222 437.157951359 364.63414964 327.381576716 111.591207416 412.080750845 160.078707306 337.737085851 362.585212479 27.7813039892 465.551471002 96.2591582103 75.2483823189 426.333550541 31.1373691675 321.112009648 500.087928092 398.426255737 372.335523776 409.527301609 499.322509048 263.691790896 424.334220546 367.139667572 349.010602424 125.519339267 394.389635518 63.471498273 486.312010309 324.837641117 409.004806684 103.610787589 511.773639954 304.960319364 394.434474638 460.990512582 475.109175472 65.9704531844 323.416768337 336.803743723 369.399381985 427.134158409 321.98026411 84.4049903588 366.481957931 431.622304204 350.827892659 319.083464867 95.1240890586 306.617838008 586.685768551 82.4567552048 430.427994269 343.979673013 378.620673059 365.274586229 418.670145142 365.646670364 339.184456741 513.645726243 307.143849002 342.257382146 302.716152491 424.959768325 386.640637585 368.677706164 386.576233117 106.818098152 121.814836723 415.388320104 295.142551112 331.91986364 359.912209288 66.7965168358 74.6381537419
280.05643404 373.67530852 160.342326603 181.742984824 274.815457186 321.962788141 329.380393147 252.807793016 739.591546958 364.500928117 613.336775725 668.99491656 57.485684601 645.579841312 6.61752948317 626.030183383 30.41887751 171.47538452 302.500988233 98.4684411597 308.681687297 0 697.367096723 387.648784968 96.0141051997 354.879392734 23.0068990443 710.073024094 164.298451534 113.941902934 241.032605049 306.476562897 455.882887728 126.802934173 652.51920465 286.507555619 750.196126558 404.539845676 383.795430949 697.361956502 278.947241665 33.7091166706 383.392183008 101.486640792 87.4735028826 168.342972871 336.729226177 108.804678204 719.222563989 119.145242378 208.443645719 371.089485727 671.834279909 322.946409575 389.552288586 56.4299867231 321.581563245 236.233270577 395.08682647 69.5124684298 103.516716264 348.15079341 309.534529112 296.211230071 156.085415682 625.134637492 199.202581681 712.728759812 89.139777697 344.554510235 187.632656796 276.722479308 51.4753849457 611.349574452 297.755293483 149.392524091 431.905104421 331.117039728 345.965373204 81.0339013595 122.483021352 69.4982864402 706.326359407 636.216287616 613.715301439 410.163941818 148.038159578 103.798527823 583.232913625 266.463060225 107.030420873 60.6921315324 132.819322251 368.081915409 421.493873958 700.388779598 22.0701584752 24.225638134 164.885412953 253.609815305 350.379721383
443.64193305 708.376040243 750.099884531 746.841248979 430.671776541 669.428162629 656.348343145 735.013204831 44.6449379097 746.436092691 89.8745245644 86.0818117026 754.719245274 54.0231309818 690.903034777 73.2423654589 718.426994462 799.6644118 683.619224837 741.685171681 415.255366342 697.367096723 0 649.802833687 610.495149464 342.984970135 718.066288651 41.2170768844 779.187259529 739.186376098 456.354750174 637.43390135 255.552215889 750.4574222 60.0451103098 426.896049662 53.16616575 330.980439919 350.360502048 44.2934551964 445.390339869 698.55387807 695.583723297 796.28071568 736.302400448 821.866023922 737.37061303 675.703082411 66.0779309611 776.787607422 763.598194037 326.296252247 30.0304885538 378.730414856 668.279881706 727.062823029 620.096958693 461.436336179 702.692529328 711.067419179 758.383981328 669.295427612 724.167629982 403.806573921 738.4188289 80.2866164611 784.616290437 20.806814961 675.677412397 355.066653405 781.722095173 688.668653302 746.067998972 101.740507945 399.614737148 721.563875912 790.312708167 367.682872533 627.36153032 749.299799241 787.471933804 737.338735129 26.0304304033 70.4532500263 85.3803667908 690.847710343 722.035775153 690.312815914 114.516855467 687.650408012 744.418337563 757.427551622 796.216777492 330.344379245 294.202224853 12.8614391772 678.835648943 717.307625028 774.624910302 450.229437921 352.684640642
284.073844044 65.0469949164 546.169264952 565.360996403 424.116821176 72.4075676014 60.2202336167 179.204867563 677.759578913 109.379661228 562.923876915 580.599882659 410.245589603 598.442451604 383.828432925 581.92071171 376.442001534 558.023062001 98.1481069706 327.813458916 473.001661604 387.648784968 649.802833687 0 324.349455508 397.284127366 387.153189323 639.069331338 551.935667337 501.088720907 363.987946868 81.2672429 517.210958546 514.297663482 635.07261935 446.865425016 697.782197169 526.851671997 516.29748445 625.427802863 463.844267434 357.114860514 48.0941448119 456.211726625 333.670434246 548.960438714 115.56703072 476.890739527 701.694106564 503.722387217 592.719542249 414.860843151 619.793491612 428.443011847 18.5549238032 443.767428269 70.2418079537 374.763581352 53.1305366215 455.207673023 340.932539 47.6976122344 122.579602238 410.897691496 540.315210273 610.573309438 586.438646471 670.316663267 299.079148978 428.256868257 575.066202732 124.966388787 424.384111043 610.686988781 384.86605571 530.465100343 140.532334223 417.447382777 45.2690149435 466.690312375 504.087895357 353.692390164 670.598190942 579.63844633 571.780671696 43.2225468256 529.367524163 288.760870515 563.269570941 134.030711939 321.892293776 407.333579191 513.722183417 431.78325438 506.941017819 659.158532686 369.613103782 383.425997828 552.506554505 412.830330976 444.981705255
184.372384755 324.67913231 230.793509757 246.658212607 202.950499377 267.585939565 271.045585371 229.221211058 651.786917488 326.464843091 524.603825805 577.661055611 149.371698939 557.83224569 89.5309888699 538.233048571 109.950213933 255.875105855 253.858075726 137.194010225 245.301590477 96.0141051997 610.495149464 324.349455508 0 267.74070512 112.258200909 620.901390654 243.977446182 190.975376064 157.062391376 244.479736667 377.872406609 205.137463328 568.522686519 219.476720554 663.589478753 336.915070354 317.435641144 607.914500309 219.339570091 88.5598615679 330.421882155 196.803024018 129.642512871 259.320874706 299.941692139 154.298949667 636.509701283 208.717700746 273.99185687 285.2522249 584.026640257 244.945994254 330.010933232 145.216758054 254.652255584 155.541330043 342.702488858 145.375724351 152.120697096 291.76654273 272.545899282 217.608866422 223.011285562 540.917757594 273.201370134 626.713468398 76.8389121362 263.805357452 263.09505955 232.385181349 147.411892849 528.718376221 213.322984343 210.856903194 395.903312391 249.748942398 279.867502476 171.379123323 214.370445059 127.333221876 621.014133151 547.289130351 525.904088487 353.891572279 209.969841156 97.662660981 497.305858236 222.955538595 142.181217415 150.91603378 224.753087795 285.350526095 346.41524973 614.307352958 74.2904940915 110.575905184 242.936126391 181.906535919 272.373528119
121.604554424 439.176963045 426.032763947 428.064425245 106.947288919 386.54922294 378.045693565 422.038457447 384.809833434 466.621558965 258.514390995 316.641414468 412.076519673 290.779785982 348.36797568 271.209713064 375.459948342 471.309931573 391.877960079 400.940356548 125.206385281 354.879392734 342.984970135 397.284127366 267.74070512 0 375.273688995 355.316496234 452.317075019 407.10747919 114.1127964 352.202320741 125.523061164 419.602718155 301.223715332 116.562598147 396.009424495 133.524757146 128.309241594 342.734492928 142.315030751 355.601721876 432.691389034 454.722038001 394.930220984 489.166009209 449.496558857 345.523428093 369.785361698 441.495635128 449.328325774 19.57882328 317.028790277 62.0276788061 413.180600343 387.69154761 342.730642535 120.790369725 443.199969112 374.081580643 417.233408107 396.661118081 429.328295777 73.9164102289 414.662615702 273.572252651 464.932043402 358.996262224 335.355037634 42.7233482613 459.710953154 387.749147652 404.282021713 262.517904094 58.6194952855 397.863876089 525.924819759 43.0048505687 359.753150097 411.180013682 451.295920301 394.889796345 353.286922372 281.432295909 258.886673932 440.168253441 398.003946335 351.497465595 229.565213421 383.610417245 404.298427937 414.660704851 460.631578045 34.8582485159 109.730346044 346.595575991 336.00321996 374.440654691 448.504450907 120.519750222 58.2653280772
296.525721068 369.375399365 167.10751021 189.959952614 297.060996724 319.623046671 328.026527995 244.102534858 760.082456576 357.562599328 633.541259842 688.380123737 37.220340332 666.053030636 28.479663579 646.483226667 12.0856422277 171.067031739 298.921649166 82.3467749787 331.471344222 23.0068990443 718.066288651 387.153189323 112.258200909 375.273688995 0 730.188085099 166.743633968 119.737752769 261.758407861 306.424070497 477.841768983 131.29092039 673.772322943 309.09456918 770.971634017 427.242380114 406.539940498 717.392141166 301.823181941 31.0360653507 380.049353746 85.1941082418 71.541593677 163.133297833 329.784781275 125.421178367 740.712826466 116.570968764 215.818188046 391.782264783 692.302455075 344.730636507 387.960750061 59.6215461979 322.778481868 257.431270847 391.491311615 79.5888186549 84.6185448958 346.058553774 302.978417665 317.867755493 164.347286965 646.337018931 203.477684094 733.619558025 88.656586571 366.040822626 191.518927392 272.464638338 39.1099139438 632.808588888 318.57711704 159.786720303 423.939329894 352.493534406 346.660534773 79.8799718073 117.523958153 51.1410213281 727.357148935 656.376169005 634.159609501 407.50389513 158.329676226 99.0836791398 604.087951278 262.185633741 91.0895232798 39.3939401107 127.489872947 389.318593835 443.70939337 721.261492012 39.2953723636 3.84984154799 168.138425427 275.807107848 372.212434177
448.488387102 699.218712435 770.538022459 768.44241853 448.567710492 662.942957392 649.31501239 733.46572615 39.1721072421 738.512750724 96.8457505507 59.9329355911 767.132624223 68.2099658007 703.539787686 86.4845625624 729.889631636 819.153290709 678.444437682 749.479822713 437.157951359 710.073024094 41.2170768844 639.069331338 620.901390654 355.316496234 730.188085099 0 799.020385082 757.410662233 469.413601922 631.795873944 279.391284108 769.090156041 97.0832199458 446.68173181 61.566985205 357.259588182 375.766741474 13.84516839 466.572776191 709.367875199 685.649331719 810.032007454 744.626422284 840.074445038 730.904421909 694.292851981 103.08767222 793.973964699 786.168182686 339.910364922 44.3860877002 396.156629363 657.615487831 742.3121753 613.490039283 475.497194696 692.165747655 727.445722791 766.447895292 661.191946105 719.080566118 420.097680504 758.88746147 111.648882294 806.170845586 53.858243488 683.430001419 371.758849331 802.750287841 685.104963506 759.598427984 134.595101236 413.211651873 741.980102868 779.49984389 383.631591976 619.16025641 765.225119407 804.322155033 746.863144422 64.21635099 73.8878949889 98.3186136794 679.232500947 742.376378927 697.09772682 134.684046333 684.700546491 751.758361379 769.579069815 813.321400831 346.407520544 317.943337625 52.798713843 690.892753673 729.224997427 794.638482862 467.347435491 371.129320235
