100 5
0 131.408936313 137.657799403 190.128912229 255.027195475 228.241900231 215.628201419 276.819534735 120.500736463 397.365502373 227.158031172 199.602793463 222.870542089 467.983079076 499.377847215 241.739936676 294.588705976 420.879319961 233.781977433 248.811577588 454.566523276 254.188640995 309.268332334 172.623410603 144.357966305 378.602561093 410.595942361 267.993750438 212.94137718 420.347783019 295.857387433 179.667161019 300.178788544 333.009171406 133.094617569 259.975935212 516.628654218 432.3794027 159.614643722 201.877353032 248.305103083 197.549432219 509.676519907 539.748959867 182.035236799 538.486369047 183.367128381 523.55746738 229.372888129 464.382471202 533.067312371 93.8502836936 390.761189474 476.982392658 100.316245415 175.803817092 537.289223873 472.187276327 408.423202145 198.339509034 200.535785659 414.956144953 260.738009741 269.760523817 122.857944657 190.777736014 370.630435719 273.473071476 297.188801989 244.57167796 430.576587827 218.869494683 249.753075114 161.779835495 106.093122984 484.483042146 250.667161642 388.926937885 230.535006019 129.459836126 569.656131382 387.663632125 490.029108294 202.122373347 146.57560743 428.043719179 490.262755257 463.224638097 176.092639598 485.564108349 478.187583839 459.019366064 545.062754824 599.910552873 405.631363888 497.384255308 297.933106087 175.502242846 211.914752978 167.879747632 330.480102353
131.408936313 0 23.5126603708 139.817973592 185.657549818 167.220101475 176.477605577 192.592359346 11.7731610559 398.854380883 159.348881407 126.482942511 169.083424467 596.971911991 627.918551543 173.868475781 214.898389487 549.39442928 165.826316829 162.017285008 460.016212762 188.971511573 280.40010128 90.5622324355 92.4688579552 378.958869058 409.826125758 159.582456752 207.201532312 410.912707166 304.75360422 128.200903522 225.758956364 224.534726061 47.0424861755 172.551194189 647.017732252 398.696080052 47.2717060151 169.117568087 181.244869178 158.318348946 497.317587547 668.076460055 203.462726775 667.513411613 81.0182585405 651.643650705 187.564628293 594.012530458 663.8519068 69.2160756315 403.488331942 604.298644858 87.1061558039 217.329097929 668.697763347 598.040096628 394.345218413 196.585665522 83.1264888872 422.423074425 223.095354979 202.385880746 70.9111716236 104.79761104 370.969700536 170.632702644 240.567167516 176.310128776 409.12806947 143.211016093 182.622407841 114.224590707 45.8543801884 609.801870645 209.058837763 379.218176701 161.005515544 4.83432895784 698.70721253 366.206517418 616.570119689 184.365702973 183.261097863 436.897027166 621.000872479 592.405468475 49.5732741536 462.705367886 462.412631275 451.03165962 675.706368903 730.015404075 404.192487347 627.107265698 254.287554277 161.562463686 191.442459733 173.314195178 246.564200348
137.657799403 23.5126603708 0 116.877731291 206.991762822 189.545805769 199.780423361 211.927716479 24.2837350293 376.945374758 135.849887788 102.973730947 145.701009621 597.757540559 628.295748983 195.526448489 234.563321837 549.897906618 187.603638775 139.446516811 438.166197336 165.496242603 257.334408726 67.0495810645 71.2846614282 357.055396098 387.72825644 174.312224873 186.425125396 388.309442231 283.98848396 105.417345253 245.983869759 237.963885343 25.9022723883 191.748697866 649.140463355 375.265572877 25.9984694523 146.811420409 202.868943066 135.753447265 474.402407885 668.23084067 185.791063523 668.223928413 58.9112804273 651.646034194 164.487364375 595.373785675 666.523654018 59.8686587727 382.397107747 603.861243344 74.4984084828 201.881062782 673.338010971 596.746205996 371.555992103 176.442069509 97.7187237012 400.843476783 199.950380271 223.692662595 52.8468712279 81.4904251875 349.100888529 186.668782352 217.063556166 197.893627209 386.00386884 119.809000891 204.220012299 92.2219353167 36.7872011564 608.19375772 185.842591685 356.695979833 182.716689067 19.7637149887 699.39807398 343.16973283 615.631345605 162.967428726 168.468185247 415.36525196 623.644347653 593.361030422 38.6723676087 439.461227351 439.411600478 428.40427772 678.147403231 731.706290428 382.071867125 628.510083387 276.9240806 141.177317154 169.674214547 154.734381195 265.1877914
190.128912229 139.817973592 116.877731291 0 322.826730986 306.306722315 316.157334952 324.695929986 135.816522107 261.730318091 39.8606478443 31.7736120471 33.35433811 587.119285892 614.955075511 311.751907625 347.704401668 539.062222618 303.962529157 72.7889836459 322.978113045 64.1857224025 140.612900292 54.1887673385 51.9459472951 241.913486784 271.986193106 278.790168485 80.375582236 271.601437135 173.914218599 12.0557813914 360.019824151 336.979810833 93.3290342128 304.514633486 644.059397156 260.440615581 101.542157901 32.8846977717 319.041361448 20.6307762166 357.533685981 652.998066348 102.309527913 655.754464144 78.660801907 635.972344401 47.8734122716 587.652624455 663.846435073 104.044557251 269.879817798 587.004506717 90.9018595827 130.3387866 680.362247485 575.796525591 254.695438377 76.2645096552 206.284227796 286.550207963 83.497382375 339.440219175 78.4380255843 51.956675184 234.088766525 293.483202844 109.061111979 314.03633893 269.37694744 41.1145350757 320.361097709 29.7606293685 109.620238057 585.424561547 69.8102566406 240.114673667 299.025829942 135.405407321 686.280553864 226.393832842 596.023018693 54.7199739073 109.337901008 301.175382342 621.673945057 583.670067802 123.669154828 323.184146454 322.594985937 311.658070661 674.108991016 723.041765649 266.283492051 620.264053686 393.785475404 47.5564600785 58.0077014982 72.3660395562 376.022273061
255.027195475 185.657549818 206.991762822 322.826730986 0 27.9503088899 57.9525141523 34.5875484068 192.96139717 583.889493769 334.712816188 303.690233278 348.957663535 697.470214875 729.909277714 13.3071791888 41.8134297815 653.313890446 21.4939406161 325.331548764 645.126296009 362.395541261 461.909379411 269.845787753 277.976301281 564.004809202 594.54830712 87.5120971743 392.859079831 594.295446134 490.40527625 311.787584104 45.1543989544 116.669269404 232.369899741 37.074739349 737.475462502 575.311328454 221.833017543 353.631863015 7.26532268117 342.326881135 679.115162208 770.26970268 386.739349711 766.298034423 250.926075314 755.214150364 369.585874963 691.068424805 750.200424696 247.5970446 589.131608017 711.892974335 267.401595186 396.777274567 741.512159832 710.797180579 576.99367251 382.121511917 122.614543582 607.827731444 404.434487752 16.7290880158 256.195127696 279.425365731 556.063994499 73.9706367425 413.907714754 10.4771582947 589.68356731 316.786928805 6.08205720687 299.212374792 227.613013588 724.007103177 390.002068318 562.913787055 25.539922398 190.434817161 796.775038092 547.554561869 726.730153361 369.858574153 362.292208787 622.340814345 708.949326817 692.021083079 203.56005804 641.919543753 643.734950868 634.276591428 763.209291604 820.917851904 588.873485692 722.785099619 78.2975428557 347.194249543 376.665340844 357.865714576 77.6280455564
228.241900231 167.220101475 189.545805769 306.306722315 27.9503088899 0 35.2237098136 59.1309372875 173.42345959 566.050561634 320.94116154 289.154505837 333.82963117 669.637499927 702.067250949 15.9317775062 69.7079395777 625.418241799 12.0753356715 314.371713851 627.187211178 349.354337076 446.387158225 254.402847978 259.615874668 546.155296796 577.0460488 98.3304209665 373.760998771 577.846409889 471.07030435 294.945020203 72.5151730563 138.840563482 214.25929516 53.2789658515 709.8767301 561.962571684 206.644193281 336.265314359 20.7443074182 325.295854903 663.638557207 742.439800784 365.363277811 738.526450338 237.374506637 727.358190485 353.652028992 663.29161641 722.727134943 225.945827272 570.065495854 683.978196106 245.866926338 374.075995155 714.515152099 682.851213793 560.987625351 362.504194659 114.180026986 589.450858654 388.887395153 41.5248065155 236.699823063 265.32319385 538.156981851 88.3993478732 401.170774169 18.3895991529 574.758747005 303.353196678 22.0930669083 281.433241513 207.065883843 696.058320274 374.591372077 546.2416319 14.6209234285 171.877703631 769.031550879 532.212833454 698.798641353 351.429965501 339.654545501 603.884670688 681.396526721 664.199917409 190.700506816 627.639149434 628.484102497 617.93244141 735.711549644 793.360957739 571.41131633 695.05369552 87.7864720376 327.934337398 358.638448067 337.287935851 105.578268167
215.628201419 176.477605577 199.780423361 316.157334952 57.9525141523 35.2237098136 0 92.0877990207 180.605252391 572.420752406 334.562750732 302.044208236 345.475221033 643.843305941 676.347134577 49.4927096955 98.0085142141 600.396277924 47.298176867 331.58383328 633.228913479 363.713968056 456.769608178 266.440555079 267.088024511 552.569913641 583.926792854 132.964626264 378.880673322 586.367879643 475.252329207 304.419018022 96.5272867772 173.296923206 222.887009242 88.3794001668 682.455488835 574.944715839 219.834975962 344.535809964 51.1956565976 334.186099628 673.396458331 716.579358329 366.294296114 712.170342284 252.236715557 701.771427582 363.976460359 637.014197354 694.70853641 227.865205312 574.365321116 659.229265266 247.69964565 372.151092443 684.883119085 658.971202911 570.226136333 366.786236729 137.971287174 594.867467586 399.541582268 65.2595548873 242.563280857 279.075620514 544.503990194 123.575050939 415.597794316 51.2012412804 585.532539868 317.580895297 52.0353893245 289.582329539 211.54524815 672.362264984 385.533762837 554.517223737 49.3386575378 180.794070779 742.45575607 542.518786965 674.400299903 357.851603832 338.115156027 609.129711788 653.756802684 638.299292527 207.292648201 639.181318209 638.649927166 626.506097276 707.795609028 765.700382169 578.372476211 668.426587334 83.5491774055 333.123039952 365.671687447 339.990744504 132.001939216
276.819534735 192.592359346 211.927716479 324.695929986 34.5875484068 59.1309372875 92.0877990207 0 201.391457222 586.418094965 332.517660469 302.880893011 348.558162532 726.699373047 759.063251911 43.3052949454 23.1078939141 682.028693893 48.4822659169 319.422838121 647.655741801 358.954732932 461.37338979 270.749639904 283.125085195 566.608527269 596.519722586 63.5157345526 398.191905781 594.65321304 495.654960874 314.246341887 36.9393508648 82.1626208751 237.801091644 20.2178350153 767.825098581 571.245338053 223.185105031 356.511260206 40.9351021133 344.787891473 677.815173789 799.499227021 395.967186943 795.884351188 249.456245058 784.255921659 370.197430097 720.643948266 780.957001961 258.514739089 593.61942102 740.360484482 277.872371912 408.390737355 773.354510281 738.631680331 576.738035525 388.36950514 118.887935196 611.146565385 404.244911899 36.5537853746 263.414131417 278.299860138 558.782772559 47.0991891956 409.695937761 41.175115879 587.805049369 314.297259056 40.2059375637 303.221140822 236.966526159 751.694029979 389.706136107 563.702119253 49.6614609 197.425368311 826.502374123 546.413379856 754.930308057 374.268533989 373.972994057 625.750436341 739.463115897 721.329696087 202.11142972 638.977589409 642.18593101 634.370830118 793.890338905 851.400645948 590.798300525 752.587255638 99.2452834469 353.099738677 380.397405029 365.883860297 54.8943445764
120.500736463 11.7731610559 24.2837350293 135.816522107 192.96139717 173.42345959 180.605252391 201.391457222 0 392.875309024 157.97946702 125.037927762 166.185888869 585.434734002 616.343881728 180.87278426 223.450001891 537.826223211 172.722712175 163.357670348 453.936883539 187.784272811 276.340489276 89.1438880236 86.6329722701 372.986158293 404.06847647 170.326889586 200.346339153 405.867238893 297.731245663 123.970675927 233.909529048 235.505643017 42.5324743731 181.478235848 635.638776214 395.764734888 50.2091615566 163.972661005 188.265913848 153.584997098 492.793184152 656.483841198 194.642585786 655.973099916 83.1305458991 640.037071667 183.689657765 582.536762008 652.54913431 58.4787193408 396.670055431 592.654581482 76.9799670956 207.538216876 657.719117576 586.339704368 389.626645832 189.261596359 94.1685147713 416.067952727 219.310555584 209.6788649 63.3270443962 104.655708062 364.962535739 180.964040787 238.992010999 183.386851367 405.112859409 142.563838116 189.667975803 108.995764422 35.7135675812 598.08530958 205.493385502 374.064607592 167.990114449 8.9605269805 687.166595988 362.006490797 604.891863161 178.135939269 173.311071455 430.484782342 609.690641277 580.885410105 57.6962075731 459.000397542 458.082641634 446.005187649 664.372143908 718.587306351 398.466729145 615.638696649 259.841049198 154.536726152 185.57544133 165.057662797 255.675718382
397.365502373 398.854380883 376.945374758 261.730318091 583.889493769 566.050561634 572.420752406 586.418094965 392.875309024 0 258.862177372 285.021651894 239.643077981 594.616088477 612.67583488 572.468782253 609.433380727 553.434547998 564.522989747 283.570038479 61.2613215879 238.220999275 131.888757023 315.707973725 306.437529861 19.8955215301 14.0946889698 538.865273098 193.767931246 38.2052495794 101.508353228 272.35953963 621.716741147 593.858715971 351.841894265 566.241750945 656.484186446 111.09431416 363.268826692 230.293696985 579.813909193 241.776997691 116.531387996 641.776534416 215.533600172 650.443308414 338.209816239 625.786477333 216.951659952 601.483910489 679.290927168 345.772167327 34.0679593482 580.628141939 326.44270984 224.378559851 714.968279199 561.749373914 47.5233155225 206.55495207 467.8604617 27.9304914525 184.926891876 600.569640824 330.012424445 309.528834107 27.9212390924 554.134218278 198.10283617 574.838932752 74.8777752658 276.937961978 581.165377857 284.748504607 360.875917533 565.771122131 199.285807445 36.2499973355 559.649805859 394.178166483 676.152116233 71.1542397047 582.119317876 214.755534723 250.836576875 41.8627791557 643.544922608 593.741713992 384.844256313 111.514175169 92.5982003923 65.2761654188 685.467737669 719.239004113 11.2941219166 628.622354716 652.71067702 239.35349035 207.413683233 235.337286962 637.413154139
227.158031172 159.348881407 135.849887788 39.8606478443 334.712816188 320.94116154 334.562750732 332.517660469 157.97946702 258.862177372 0 32.9446091722 23.3223342495 624.794852615 652.255747959 324.577190758 355.619847271 576.837744071 317.198545423 37.198001188 319.355275283 29.8522950087 129.527869544 68.8955482885 83.9771921489 239.575513669 267.558791563 281.294236412 100.525175239 263.118365443 181.918747307 48.1266880967 368.832685959 335.012149668 116.473871295 312.636921399 682.195085072 241.022278726 114.783698078 54.8785148584 331.67098723 46.6503910273 345.297576497 689.979856353 133.17095158 693.069806069 83.7934480303 672.936558454 46.1756758242 625.635484269 702.176687281 137.291324004 271.871216676 623.940763648 126.925951529 163.079404751 719.433670573 612.217212085 244.680811666 101.770166851 213.840152859 285.282008332 73.9400996641 350.998345411 109.188813271 55.6477883731 232.215854413 297.097334926 81.2244908107 326.647804154 255.35522341 18.3093589234 332.906492443 65.4835456144 137.98801944 621.555785729 59.6887807306 232.898125997 312.185700298 155.518950009 723.45718288 213.940676437 632.569868968 77.5448947091 146.134581298 299.898169368 660.135211827 621.456419704 131.18923603 307.210180446 309.68170862 302.458833675 712.295757649 760.673089338 261.802824015 658.124343245 408.708870763 81.8553249126 75.7142923063 106.789390037 381.358908204
199.602793463 126.482942511 102.973730947 31.7736120471 303.690233278 289.154505837 302.044208236 302.880893011 125.037927762 285.021651894 32.9446091722 0 45.6995797454 613.825557907 642.113205908 293.267186762 325.983421879 565.67060789 285.76469769 50.1111341391 346.01825888 62.7544268656 158.552765216 35.9625652468 55.2592319409 265.415320318 294.479832508 253.844441905 111.033729079 291.782560268 201.698076446 30.7089532788 338.880266731 310.00983512 83.678418012 282.851202005 670.058190314 273.07496294 82.5676375281 62.5714012173 300.426247803 50.5820443608 375.507546285 680.493665842 133.878691666 682.870771584 53.4589404141 663.496427895 68.0995813918 613.925169724 689.51074047 107.484163443 295.553934753 614.588835817 99.582361723 161.371102721 704.44836109 603.897821678 273.896280457 107.839247195 183.993505041 310.720732489 101.371993516 320.097853232 78.6135726928 24.6103234277 257.799416818 269.162964031 114.100067499 295.40120943 285.996640132 19.4184353357 301.687552809 42.1999563276 106.016194446 613.777002568 86.828390565 260.949608303 280.765127823 122.612668633 713.542277434 243.949558544 623.993028377 85.553551334 138.405828108 325.375312104 647.132404088 610.228154646 100.799068117 338.517618604 340.066689748 331.493867601 700.007564442 749.726763666 288.732628865 646.692650968 376.940106002 78.9088307615 87.5179851243 103.297668968 352.804426137
222.870542089 169.083424467 145.701009621 33.35433811 348.957663535 333.82963117 345.475221033 348.558162532 166.185888869 239.643077981 23.3223342495 45.6995797454 0 606.655276844 633.709478228 338.360142573 371.658303064 558.838894762 330.770380317 59.7854021446 300.534478537 33.4355120396 112.9995442 79.4320820528 84.8295285992 220.118924654 248.922814745 299.300429206 77.4618090137 246.095835965 159.562213425 45.0232124092 384.508893887 354.618592475 123.735813649 328.514540545 664.57778366 229.65313004 127.277084402 33.9748514899 345.559691382 29.1098398931 330.158816368 671.113758957 112.121033363 674.519473235 99.1585074355 654.061964218 23.6200359245 607.853565816 684.812720475 137.355643988 251.158449339 605.064693347 124.144161811 142.518083092 703.318256264 592.911100107 228.285302366 79.5812963269 229.670598945 265.586395914 55.6874811799 365.421837577 111.256403197 70.3084995779 212.57961705 314.732156785 75.7320631277 340.536546424 240.942361585 38.8442755911 346.837393285 63.069069713 142.008652184 602.021719455 41.1562730703 215.25241226 325.785008266 164.90021899 704.759143285 198.602617098 613.355117039 55.3339368629 128.371333898 280.235254351 642.979514787 603.443591642 146.453952829 293.950404449 294.819431276 285.837902086 694.732208809 742.425174068 243.171780869 640.17847878 421.570914352 63.9209240245 52.6931163208 87.9809898312 398.47732356
467.983079076 596.971911991 597.757540559 587.119285892 697.470214875 669.637499927 643.843305941 726.699373047 585.434734002 594.616088477 624.794852615 613.825557907 606.655276844 0 32.5381285386 685.32363514 739.282291583 48.2217287656 678.785079542 659.894101788 614.06116459 638.030964796 614.240059126 604.963988068 569.524320695 588.342783695 606.709948192 731.630803656 540.872556331 632.757262856 537.573558287 583.590816228 740.027645959 794.441940054 584.188718777 713.579326027 61.8840838334 695.187556231 613.995133106 572.852464187 690.206383943 578.593823013 694.097853671 72.8052426288 497.369652273 70.5450386397 626.302112863 58.1330976555 595.331431722 14.8493047618 84.6900056007 540.61157127 563.828150372 31.9611196722 533.206502482 466.594407349 127.850877205 52.8368042201 636.934462188 532.179016367 668.194719965 588.350987048 604.434759624 708.343619475 562.094996064 619.36828186 584.700344276 734.387408119 652.504048239 687.945293461 666.699315575 627.994857269 691.458708105 572.742039484 561.514814773 62.506798909 605.167238005 616.49648583 677.100575515 594.248451523 101.738109551 641.61008155 48.2776809747 554.457462032 478.685650392 591.227016755 54.3739653169 6.21421459271 635.882333345 704.879266975 682.6288703 651.384236827 91.3574826628 135.925734693 605.795305853 34.4403833425 709.015823757 543.177904785 560.941994404 518.686872615 774.797597724
499.377847215 627.918551543 628.295748983 614.955075511 729.909277714 702.067250949 676.347134577 759.063251911 616.343881728 612.67583488 652.255747959 642.113205908 633.709478228 32.5381285386 0 717.742336913 771.722265724 78.5401305064 711.182329389 687.666063154 629.455758061 664.738811705 637.588579951 634.108277688 598.660056516 607.250258532 624.434996288 763.592109335 566.635950749 650.877087939 559.433149104 611.74690453 772.511828397 826.544953757 614.300461871 745.866046331 51.4666839314 715.076131037 644.146714723 599.819221106 722.646018464 605.88889559 709.464548514 40.5208981316 523.653993957 40.8147913202 655.808115983 25.6559206094 621.765553857 42.096126984 73.2885784812 570.803867106 581.244411357 32.1393513838 562.976767784 492.828711137 125.927456542 53.2894603215 655.881730342 558.369929537 699.732824115 605.171884092 629.756138222 740.822427887 591.839325533 648.244990874 603.931665749 766.479184378 677.722064643 720.368186334 685.545611041 655.935222784 723.901079338 601.295318046 591.938903016 55.6262657011 630.962063395 635.787964405 709.476465485 625.12908931 71.5054301455 661.867485644 36.8317829605 580.965102598 506.132619454 607.370777555 60.6624363246 38.2973367328 666.29732785 722.150026954 699.384281417 667.984068169 75.3113838405 109.532114582 623.772534554 27.4127423624 741.539644998 570.49028551 587.199205767 545.830972515 807.258006628
241.739936676 173.868475781 195.526448489 311.751907625 13.3071791888 15.9317775062 49.4927096955 43.3052949454 180.87278426 572.468782253 324.577190758 293.267186762 338.360142573 685.32363514 717.742336913 0 54.2834414877 641.016274837 8.33468210216 316.215001796 633.682329871 352.53666908 451.222578364 259.088029927 266.29953697 552.577645329 583.236208626 87.5543730526 381.013508056 583.326685642 478.512713585 300.602388381 58.439619712 123.814131348 220.732045271 39.501258683 725.714846338 565.415228949 211.107867795 342.301172994 7.39422395814 331.097630358 668.487249947 758.127935266 374.264611463 754.268119856 240.796801111 743.015788163 358.72722386 679.030173267 738.605228601 235.008058841 577.334006823 699.534251278 254.850196531 383.987497967 730.446763927 698.284975307 566.16994482 370.122076145 114.020376096 596.242332219 393.719964079 29.2708475406 244.174614013 269.132644168 544.617425608 75.9435949602 404.18424185 2.8323248758 579.231833847 306.758875378 8.81331348606 287.725310312 215.287771972 711.462816666 379.32791227 551.865874754 12.8826699329 178.618020617 784.793504522 536.950641458 714.305227274 358.205506925 349.510690935 610.732809494 697.251627786 679.898366492 193.606305931 631.702851437 633.179557445 623.348926796 751.583006163 809.213681185 577.573356805 710.824632192 85.5802983317 335.286278761 365.137562046 345.592567227 90.3421311817
294.588705976 214.898389487 234.563321837 347.704401668 41.8134297815 69.7079395777 98.0085142141 23.1078939141 223.450001891 609.433380727 355.619847271 325.983421879 371.658303064 739.282291583 771.722265724 54.2834414877 0 695.119121528 61.537809903 342.349221977 670.676232416 382.019390572 484.480032818 293.79151367 305.811835873 589.617333038 619.565601451 83.6438741434 420.920682455 617.752315559 518.423075039 337.212373942 15.2101445099 86.8970661089 260.406998896 43.1974831903 779.180220445 594.244185962 246.176750576 379.46179442 49.0762490392 367.764783214 700.916937109 812.081330952 418.091625699 808.094277924 272.56163412 797.027561499 393.274655599 732.866858057 791.816235766 280.15222325 616.484943764 753.685934798 299.638397993 430.005785606 782.718220114 752.528874457 599.844516525 410.978145383 141.989917514 634.11245167 427.345423811 33.4628683911 285.787025483 301.404212032 581.783606665 66.5182666757 432.712139421 51.5634522587 610.898298193 337.396374059 47.8275511856 326.048767485 258.911400816 765.719864325 412.807479037 586.790284075 64.2556160445 219.732633255 838.559857579 569.519487051 768.50237177 397.089551236 395.549106195 648.711203139 750.623911738 733.831391678 225.208554255 662.031581628 665.284298201 657.474836962 804.842970465 862.592702132 613.845959644 764.565030415 84.9641128084 375.736520179 403.285607701 388.209987886 36.1367145793
420.879319961 549.39442928 549.897906618 539.062222618 653.313890446 625.418241799 600.396277924 682.028693893 537.826223211 553.434547998 576.837744071 565.67060789 558.838894762 48.2217287656 78.5401305064 641.016274837 695.119121528 0 634.332590516 611.845064228 575.552780461 590.341999445 568.498701315 556.743427784 521.303344794 546.35910765 565.833117341 685.511544942 493.662648413 591.448547933 493.058707776 535.462120528 696.284107095 748.698880073 536.136111068 668.523012497 106.712209256 652.154638292 565.958203929 525.076867782 646.057338834 530.6982854 655.455894116 118.870858524 449.918112264 118.365123011 578.109413802 102.812652945 547.771155478 49.6568850186 128.368057867 492.58632454 523.349105685 59.1264715829 485.055605184 419.18429645 162.149316146 64.8074508976 594.833233314 484.756077672 621.279422754 548.418617105 557.434168923 664.552283195 513.939959725 571.150092192 542.419269425 688.619066232 605.539939875 643.667622356 624.649191239 579.908108654 647.331571154 524.551212123 513.59302074 78.9002986294 557.911457325 574.107040591 632.514965115 546.617450458 149.515020693 598.315575396 75.4469916533 506.878058976 430.762937227 551.985573349 90.1678750589 44.6186758862 587.959327577 664.285348103 642.581893626 611.548663086 136.90467565 184.056442532 564.672957843 81.3479749022 667.336558127 495.284141547 513.475169259 470.859171007 730.799445944
233.781977433 165.826316829 187.603638775 303.962529157 21.4939406161 12.0753356715 47.298176867 48.4822659169 172.722712175 564.522989747 317.198545423 285.76469769 330.770380317 678.785079542 711.182329389 8.33468210216 61.537809903 634.332590516 0 309.328231085 625.725898829 345.280747905 443.579811677 251.445225304 258.28015098 544.630174388 575.331181863 86.6084017575 372.924102597 575.557447955 470.403385436 292.769416181 66.4670707616 127.08386894 212.73508766 41.2724243485 719.534619755 558.113785313 203.496202065 334.404419362 15.6593968227 323.242501854 660.85594811 751.590159225 365.992548073 747.837017997 233.447481557 736.424064032 351.021578077 672.595476111 732.573076501 226.715396864 569.253484874 692.786281711 246.564588932 375.661093344 724.875322569 691.379894074 558.461268668 361.982434536 107.623056509 588.235307723 386.071361418 37.604919541 236.037585399 261.696544138 536.663005131 76.3639961499 396.9821356 11.0865829995 571.680833129 299.43468116 17.1058504228 279.774497956 207.060544713 704.523512585 371.698522856 544.06610992 5.02292757932 170.56413913 778.406331885 529.336626044 707.489522551 350.185281124 341.185368831 602.717287116 691.13030036 673.383089772 186.367597364 624.252074534 625.580802023 615.594670228 745.522275399 803.079783113 569.673138298 704.461147781 92.1873114123 327.178631701 357.162971342 337.372132639 97.672356466
248.811577588 162.017285008 139.446516811 72.7889836459 325.331548764 314.371713851 331.58383328 319.422838121 163.357670348 283.570038479 37.198001188 50.1111341391 59.7854021446 659.894101788 687.666063154 316.215001796 342.349221977 611.845064228 309.328231085 0 342.879001458 45.5346917926 151.840663713 78.2299989567 104.881036494 264.904327072 291.079745008 264.256128768 137.234651896 283.694755615 213.822246165 77.5151560876 356.236541527 313.606516275 125.682468514 300.06916732 716.837189846 252.164512951 114.846663501 92.0643481426 323.031495975 83.3767330495 361.795256308 725.622136193 170.263552606 728.470494778 81.0780916387 708.58978343 80.7841094279 660.440996216 736.591687179 155.683086335 299.505958629 659.609632078 149.27841594 199.997462893 752.696973976 648.196891993 264.338997996 138.940548947 202.780571604 310.741564053 101.612359772 341.118699802 126.486953606 60.3078795657 257.957949788 280.771057811 91.3288271988 318.054992702 271.425307338 32.491969782 324.171498564 91.8639776759 150.883012174 657.687451786 88.8844626784 254.927525334 304.312543887 158.974855134 758.963535246 232.202948414 668.480358382 114.697028476 181.716638977 325.20500315 694.386032008 656.454323431 124.316381409 320.714589798 325.962981841 321.954913815 746.879911864 795.814215607 285.36220543 693.052083574 401.498971917 118.080862322 112.478267355 143.165855281 365.569138559
454.566523276 460.016212762 438.166197336 322.978113045 645.126296009 627.187211178 633.228913479 647.655741801 453.936883539 61.2613215879 319.355275283 346.01825888 300.534478537 614.06116459 629.455758061 633.682329871 670.676232416 575.552780461 625.725898829 342.879001458 0 297.800624339 191.082331553 376.928317742 367.573482688 81.1278135122 51.8561982259 599.828506106 254.377069402 64.9227766703 159.805713961 333.620757384 682.974572722 654.337863642 413.019257341 627.482966189 675.540433709 137.225412481 424.519076585 291.548849655 641.03073678 303.0381665 80.0441767514 655.798318963 273.661834261 665.631493035 399.283023766 640.427669378 278.00010789 622.149919052 698.536593701 406.183380916 65.3243817858 597.324143796 386.720251724 279.738095843 737.701800196 577.223112425 85.1936607869 266.83877857 529.064166453 39.6183111532 245.505274014 661.809818367 390.972058847 370.559900294 89.0653514819 615.175269182 255.364521413 636.058476335 97.5053421177 337.514414593 642.384392702 345.957025909 421.702136941 579.81363408 259.947094874 88.5057662962 620.858132491 455.329867586 689.670754588 117.787086131 597.036621142 275.801390591 308.098606924 27.6196662059 664.959890456 613.780891073 446.009740455 101.956681604 76.103139384 46.7032413169 703.681924059 733.370219438 57.6018971956 647.407575802 713.744123782 300.105968903 268.577940109 295.095762131 698.565498859
254.188640995 188.971511573 165.496242603 64.1857224025 362.395541261 349.354337076 363.713968056 358.954732932 187.784272811 238.220999275 29.8522950087 62.7544268656 33.4355120396 638.030964796 664.738811705 352.53666908 382.019390572 590.341999445 345.280747905 45.5346917926 297.800624339 0 106.72739919 98.6580905423 112.619737108 219.460957125 245.961113896 305.980619652 101.996759078 239.435439186 169.649693803 74.5826456689 395.498100908 357.431478589 146.325586463 339.240760143 696.314800069 212.915898368 143.886584813 65.6347931936 359.562691949 62.4683260776 319.460963671 701.836756212 141.483959088 705.530043832 111.989185145 684.783469083 43.8125782152 639.494759882 716.711062313 165.955142851 253.982653286 635.805779664 154.446569169 172.266788605 735.882990168 623.224467424 220.397172804 107.361509207 240.751196102 265.306047109 56.5920045414 378.55115405 138.327255085 84.6510852597 212.471235166 322.141213848 51.9023775069 354.546247241 229.181714755 46.1412824424 360.772964106 92.6560826958 167.602529265 632.078692791 44.9344028048 210.148361289 340.260473539 185.201441462 735.62713382 188.783834368 643.754750254 83.9355356187 160.68026848 279.794139077 675.017897555 634.917710382 158.930481651 280.039731638 283.698207074 278.166475902 726.497157691 773.669913044 240.229729592 671.689364447 437.050720453 96.6675265787 78.685161604 119.967035303 406.752267733
309.268332334 280.40010128 257.334408726 140.612900292 461.909379411 446.387158225 456.769608178 461.37338979 276.340489276 131.888757023 129.527869544 158.552765216 112.9995442 614.240059126 637.588579951 451.222578364 484.480032818 568.498701315 443.579811677 151.840663713 191.082331553 106.72739919 0 192.136892547 190.743976343 113.6272471 139.255850523 410.821768822 98.2902462005 133.592987299 85.9363322943 152.378026427 497.429411965 463.792235472 233.910701358 441.373147226 675.086617577 123.473574008 240.119356445 113.920849134 458.444252475 123.133366724 217.279493984 671.748612824 139.931395947 677.685494678 211.923216189 654.903335075 92.8479689541 618.132055482 696.856020766 238.175769091 150.425400398 606.776445247 220.963101827 164.461305842 723.674591426 591.194639676 115.365082428 112.850257129 342.501280512 159.31769576 57.5106770984 478.394036963 216.620616349 183.093566276 107.078580084 426.604730046 68.155342237 453.42332591 128.774634994 147.832512088 459.73099299 167.922867029 248.310687949 598.101373228 71.9073123631 103.582009039 438.605556459 276.010258761 706.272406635 85.84487091 612.032789981 107.523837929 174.768067041 173.660187751 657.180693369 612.063566608 259.345589907 182.862026122 182.111439202 173.0517166 705.174630802 747.02346386 133.531830523 648.635059154 534.032992921 134.515269581 97.9062788935 142.518884386 510.767215175
172.623410603 90.5622324355 67.0495810645 54.1887673385 269.845787753 254.402847978 266.440555079 270.749639904 89.1438880236 315.707973725 68.8955482885 35.9625652468 79.4320820528 604.963988068 634.108277688 259.088029927 293.79151367 556.743427784 251.445225304 78.2299989567 376.928317742 98.6580905423 192.136892547 0 35.4482930082 295.923117717 325.774215937 224.720942148 132.260519837 324.540433681 227.685526486 44.7525023148 306.274295993 283.612831685 48.4108514572 250.594039609 659.707119086 308.511820725 48.013206625 86.7354004366 266.316015934 74.6521086508 409.410792918 673.128380242 144.766295249 674.693077624 26.9183228438 656.227650422 99.7789741256 604.216955864 678.507016197 78.7887453198 324.051469482 607.561741518 76.1764400082 168.343375486 690.742185458 598.070618589 307.14796153 125.552129319 152.170886064 340.681511501 134.632025524 286.375657785 49.8450035431 18.2520128355 288.13296065 239.320354566 150.058281492 261.296278383 320.357464833 53.6255729796 267.606848838 40.2358547206 72.6888504102 608.525716881 120.254767889 293.30123713 246.469423159 86.6579490211 705.612461169 277.897884663 617.811889122 106.894586226 139.99193763 355.313306439 635.847895841 601.082209779 69.4960225026 373.349716069 374.153445489 364.47282588 689.411607609 740.550461143 320.055289287 637.208382758 342.139157018 91.6207875618 111.516164532 112.339945541 321.863281427
144.357966305 92.4688579552 71.2846614282 51.9459472951 277.976301281 259.615874668 267.088024511 283.125085195 86.6329722701 306.437529861 83.9771921489 55.2592319409 84.8295285992 569.524320695 598.660056516 266.29953697 305.811835873 521.303344794 258.28015098 104.881036494 367.573482688 112.619737108 190.743976343 35.4482930082 0 286.542673429 317.514208901 242.945544863 115.140467379 319.286229963 212.707183374 39.9411576133 317.267707513 304.757021241 45.6155900269 262.928852123 624.343096449 311.873257036 64.3719179485 77.4889216342 273.668869169 67.6106149391 406.472400268 637.686615351 117.920542107 639.245190662 59.1877488025 620.788513582 99.0095172557 568.808384113 643.200065015 53.3575211458 311.199242813 572.131704868 44.3999347695 138.284376768 655.820968578 562.703648098 303.207449308 105.369764499 167.306559267 329.957215439 134.462212769 294.696737002 26.4921976856 50.8539852386 278.54146358 256.248138552 160.418657926 268.721372617 319.354305772 74.5151954949 275.03937065 22.8476482076 57.8507242326 573.202331792 121.25768421 287.45785974 253.445913485 87.7636056563 670.164200918 276.072459213 582.419910237 91.9062561792 107.741920946 344.437272625 600.563823559 565.650253215 90.2637939605 373.605731653 371.939711165 359.425017685 654.069427633 705.125948545 311.899559172 601.79147348 346.39032325 70.0450244066 99.0354528807 85.7750477757 336.112035918
378.602561093 378.958869058 357.055396098 241.913486784 564.004809202 546.155296796 552.569913641 566.608527269 372.986158293 19.8955215301 239.575513669 265.415320318 220.118924654 588.342783695 607.250258532 552.577645329 589.617333038 546.35910765 544.630174388 264.904327072 81.1278135122 219.460957125 113.6272471 295.923117717 286.542673429 0 32.0547620815 519.254747274 173.995198205 47.6564571498 82.9569795985 252.50825716 601.87651126 574.505804791 331.946685547 546.428114928 650.225058129 110.091133708 343.445293497 210.421424024 559.923420149 221.926805824 133.049762675 637.206456366 196.622508983 645.472770961 318.543332553 621.042321849 197.323999901 594.79087707 672.932127865 326.025208724 41.021033338 575.297484027 306.73512138 206.511988306 707.404610546 556.867581422 48.6315764753 186.879023763 448.086677965 45.847256662 165.64072758 580.686434746 310.139213716 289.895022667 8.10634488836 534.475231154 180.659397441 554.949019417 78.3567077521 257.59430382 561.275354918 264.855863654 341.027324701 561.35396264 179.933305623 29.7215838912 539.757763487 374.282692481 671.68726044 62.9491810334 577.374793048 194.871893111 232.191574752 60.3833854456 636.526129205 587.272665676 365.105691404 122.305994525 106.187916016 81.5956478259 679.440022795 714.505091135 27.041452078 622.502028278 632.823228702 219.531451261 187.518201132 215.819562584 617.676915373
410.595942361 409.826125758 387.72825644 271.986193106 594.54830712 577.0460488 583.926792854 596.519722586 404.06847647 14.0946889698 267.558791563 294.479832508 248.922814745 606.709948192 624.434996288 583.236208626 619.565601451 565.833117341 575.331181863 291.079745008 51.8561982259 245.961113896 139.255850523 325.774215937 317.514208901 32.0547620815 0 548.217554258 205.678046782 27.7953010079 114.823534067 282.808760666 631.988015276 602.514582817 362.78725146 576.368118398 668.557776011 104.440177299 373.502875924 240.935934018 590.567117724 252.24186002 102.457903443 653.175453276 228.645480483 662.007305337 347.816116318 637.263076908 226.549249977 613.732180233 691.39746942 357.719619741 43.5648571116 592.358604785 338.500599586 238.050536137 727.504258295 573.303252434 42.1186947908 218.713962215 477.817038897 27.3668195284 193.75566572 611.206698076 341.398877476 319.050124152 40.1177392611 563.63698865 204.069125512 585.581669669 66.2589673006 285.738046863 591.909371343 295.623448581 372.422166477 577.129147696 208.223442278 37.8493435762 570.439188 405.177976438 687.497293306 70.6945970558 593.609413807 226.090120304 264.137611124 38.2106129333 655.901861911 605.909197209 394.683633251 98.5759258495 78.854305252 51.1815391864 697.446468107 730.688070133 5.75637457826 640.649442093 663.896212358 251.064010398 218.495706478 247.786646835 647.178466504
267.993750438 159.582456752 174.312224873 278.790168485 87.5120971743 98.3304209665 132.964626264 63.5157345526 170.326889586 538.865273098 281.294236412 253.844441905 299.300429206 731.630803656 763.592109335 87.5543730526 83.6438741434 685.511544942 86.6084017575 264.256128768 599.828506106 305.980619652 410.821768822 224.720942148 242.945544863 519.254747274 548.217554258 0 356.018247243 544.40910072 452.339304 269.35847699 98.7770999692 65.7897834208 199.684780253 50.6518233859 776.499203342 516.323893224 179.446389303 311.455432683 90.3545953467 299.342975207 625.405506893 804.107589525 359.823458762 801.720089521 200.818558382 788.303083506 321.93076542 726.778222481 791.112448307 228.738850545 548.599364315 742.751780105 246.573983993 376.041221408 788.016375211 739.07256568 525.859412524 347.68789661 76.7461966361 564.487878156 354.593030993 97.0279333195 227.155621347 229.367382587 511.619770609 17.2664390241 355.445428301 87.2746175762 535.072901201 262.992018868 90.5632495271 260.800955812 205.423322772 751.626410851 340.074370587 514.112716983 83.7953491698 164.156608586 832.708785097 494.66813851 756.414950092 331.097961691 342.322262648 579.141722167 748.871823897 726.553816712 155.313455267 584.960264033 589.616893274 583.66167564 803.704583427 860.253426208 542.465287734 759.357973462 161.886821863 312.47494961 336.177479289 328.29856099 101.530472156
