100 5
0 639.153123518 607.435552029 410.172321064 256.16406477 150.435290241 351.135808101 127.051848023 542.752971669 451.561626754 238.229751149 662.325140048 184.8982172 409.750409679 65.7625190382 544.373020154 403.191988543 498.788360138 362.859098411 492.914805388 469.321371024 391.231991311 502.709371002 572.842313022 332.878322256 49.101043579 424.949421975 331.525556659 409.771843569 401.597574619 425.748346646 224.173293877 328.832311389 389.02222773 469.228794632 453.318792046 501.697687634 18.2492546167 175.101663462 347.523527297 434.317187195 442.154225123 392.057696166 511.286365638 504.591214363 273.615016718 464.469742737 394.368565208 436.332868121 478.189209938 230.247274398 487.943072846 370.82338259 616.925053457 527.193309432 537.577515786 464.498482298 369.718323806 470.953334494 601.339717515 489.203201518 268.452616607 419.737339182 471.990401146 358.21000628 476.42769078 416.573603723 275.818907258 244.150196673 401.357039228 528.371481393 136.662457063 356.478008526 519.025333793 133.010156029 485.438147162 570.643020639 576.523132537 426.10436516 483.536635856 658.045849422 273.18238852 265.394954532 324.87109431 321.136384979 81.3160951853 678.9398309 399.394257508 342.379246015 511.32986403 389.830171842 41.1963018991 237.275606591 497.974257357 516.610549263 67.2568287862 456.030287095 85.7294776484 516.359017619 330.918277172 421.887908904
639.153123518 0 1246.49976971 243.746549932 700.838440312 488.734740899 873.911049763 763.70916089 237.71326537 403.705029772 850.378281684 1301.424793 798.320663215 578.738759961 578.927221437 1171.32024655 1027.59715664 448.7017684 816.090958009 163.471718317 225.435644569 249.591051876 603.15890534 786.664709815 308.14703762 647.255063043 466.587350621 469.816182063 605.605884432 490.063915997 389.301498013 516.399286662 963.022577961 822.750474235 681.389369004 639.824658182 241.625327059 623.761711076 471.496425131 981.118762875 444.353030353 933.760155913 260.051134578 757.970379025 913.821741516 739.690415778 732.995761134 950.329658544 710.369841794 748.58182101 580.958366349 1094.00627143 830.99668779 873.157067227 955.97246296 1163.2164117 803.479051269 813.723790442 1069.51187231 797.131411964 1100.15139647 397.890748132 1040.84685232 1051.2912407 281.671596483 199.612223614 259.91632329 869.052548781 697.112566027 989.594003041 824.307208758 667.521912432 917.114019088 688.740985734 633.505651269 1015.80034128 1207.8687185 1212.35454899 915.255654339 449.191094759 51.5796729888 881.294233879 790.277826121 363.22103099 733.868231758 679.621742127 1318.00683326 999.766635856 744.138478165 1148.9310214 1028.83677609 650.525476673 715.117023849 744.728633577 219.010986577 680.571976907 971.839505148 684.245393675 1153.13261528 601.52665941 437.62023347
607.435552029 1246.49976971 0 1015.22796535 652.560761592 757.788293888 529.777548849 485.010690052 1127.90711443 1004.05763158 429.421911394 61.0192666059 470.435271159 869.335644294 668.11811095 189.654462847 273.545788706 1020.23051729 625.490921342 1098.81171391 1065.22652044 997.876522766 944.11462359 908.560105883 940.048812498 601.966430863 945.210408678 868.840192866 851.587321709 923.245382443 979.422748094 778.830474763 291.225876164 648.126633451 870.890176085 883.863334708 1094.31027616 622.747485361 779.066225785 283.355484499 963.646882436 566.793282607 997.218541581 857.743460257 688.726574241 625.358467425 808.703184783 440.306290494 813.277703357 810.461427805 730.589410463 278.58014477 599.099012195 870.089311504 645.306521873 174.448930483 760.243604063 619.813384934 331.647942319 935.819366716 260.120953208 862.875366994 258.603570099 364.690806469 965.607335948 1079.24830909 1017.08048912 439.351634797 647.079991691 365.790444818 819.323257209 611.657391604 462.028423037 919.83038456 643.526568983 474.643617472 88.589674655 79.6831256661 551.606945027 1005.73918382 1263.96749514 400.528498514 542.33838663 913.175218098 675.154352193 573.636239095 71.5072847023 353.155931819 685.211095047 106.091553154 219.470515265 599.592844195 611.735479262 836.349137193 1112.0578583 569.455212356 525.602393074 569.584437114 124.992012906 797.375298569 955.989572652
410.172321064 243.746549932 1015.22796535 0 458.82536822 263.400463589 631.088548588 530.236373048 282.234621146 223.062697031 609.404563694 1068.32921968 558.263725354 481.399357318 355.989793538 930.7815681 787.140927325 418.117532865 577.047091656 84.0705033609 198.325678366 90.3589536125 540.439248282 588.519891698 84.1120563644 426.874909857 393.736893649 348.03234919 503.476090178 282.353793545 325.118899815 273.24678776 738.771105664 585.886141331 473.407872609 433.105564494 125.445034747 396.670576108 236.217226681 743.746000853 379.471576311 693.850440786 18.1215545921 549.326681459 683.260041715 497.581751557 624.663009243 759.87413734 491.484213219 641.531362288 413.018896709 886.228622402 666.620966868 783.698174222 810.180612418 945.431788646 579.275124189 653.275725971 826.089585182 604.623549835 890.08502052 220.354978047 825.133399636 854.443509959 69.642570696 69.3747941912 40.7923608013 626.192303788 454.563160281 788.02151817 609.699129233 424.773879243 673.406595006 492.790081286 390.673190159 836.624871772 971.712250288 986.667493553 746.476831721 410.292748377 276.729064912 669.685661216 602.364352876 220.882007806 495.643849942 462.762391411 1086.59030241 756.639644928 507.554781382 921.108606673 796.082187841 415.721071702 534.146797206 645.981494412 127.81175085 460.21874815 730.47464129 467.731483704 916.773413203 371.241712468 366.663079492
256.16406477 700.838440312 652.560761592 458.82536822 0 305.400771105 173.96280534 253.855107251 688.747141257 365.961353636 228.3877825 693.179566602 205.096780276 651.602550465 290.554892812 518.487436666 384.879044895 708.729605169 126.382228777 537.454875492 601.941348334 490.537662116 743.326353575 327.045035365 415.647454446 304.598365698 642.34842102 549.962399639 655.766929226 276.147187084 620.637284797 186.474896375 448.224326908 145.167031853 241.544954459 241.651645857 491.111980098 267.060014375 280.40708812 371.680160561 645.609387999 237.353638688 444.149622488 265.017397104 260.426609986 38.8651574313 719.889765916 602.814249453 194.786399051 733.897492542 477.550125553 640.157662386 617.096694368 873.059211347 769.880309844 650.702556623 208.409060941 618.992670676 388.537604137 356.558017942 634.487199261 437.728080295 557.374473193 654.188929841 442.404907573 504.219971662 441.490603683 213.574064586 12.0823879749 584.61445955 273.230197614 119.918805341 225.830427148 294.117970032 128.493022335 697.937021 585.825021547 652.930440872 660.456505923 694.365229493 735.552083548 458.085369757 505.63318056 494.17624329 65.0886719484 329.264124073 718.630950355 326.981510488 86.2880214661 583.799905623 447.509908794 215.913154281 490.822734949 753.139788658 512.975222558 311.531121596 271.768355919 332.291639867 533.463446232 145.046605208 631.514380052
150.435290241 488.734740899 757.788293888 263.400463589 305.400771105 0 449.100826086 276.052921061 405.29339091 349.114095803 374.931361682 812.758884396 320.987829017 363.678465312 92.5934730764 690.355486533 547.5832592 403.402716751 430.449325868 344.693512556 326.154149283 241.038961724 451.209549812 570.333065828 183.470098996 163.508633508 338.50128155 248.086636888 373.787657839 327.944255109 315.851986872 168.315250504 476.611110766 450.567244537 453.756805256 426.193051776 365.206053106 135.176014342 49.2252921597 495.663552821 340.595971131 531.708562337 245.33129069 513.405224829 565.355725899 336.990813601 464.847792026 506.762511292 438.777311867 480.986744348 213.620672657 623.947829482 439.046750788 628.099668265 593.406961317 682.106757106 495.211268795 430.616284555 605.192093107 595.711755648 627.286970493 135.975975487 561.745805993 596.480729745 208.172572067 331.391638532 274.779692138 403.859892237 295.635085604 528.379439321 549.507767012 214.876683402 471.858124687 496.048625606 187.046235822 589.937082118 720.483521076 725.410239209 510.855252236 389.125167574 507.972108673 407.133738197 355.504280708 194.26203312 365.182431355 199.901567941 829.295398286 533.42359499 384.437467824 660.961095612 540.239957656 165.944982292 298.27362139 494.666033272 377.475503629 196.821114111 556.123269482 204.933695428 666.010999915 310.792767438 326.384159412
351.135808101 873.911049763 529.777548849 631.088548588 173.96280534 449.100826086 0 279.20534964 848.372481837 533.293629626 175.100050281 560.780439326 197.874660726 760.501331181 405.932703456 370.374873365 256.977705048 843.293215714 96.1808376033 710.70298063 763.733525735 656.985254492 853.451175912 380.70723067 582.966976623 390.78791664 771.854916726 677.921709643 759.282599629 439.345599859 762.067135737 357.851927149 395.997254692 118.616949969 344.677833095 363.139394725 664.533355386 367.512209376 435.261844672 273.858582023 778.861737431 93.0557834277 615.910994916 328.115307785 191.527882056 135.283761114 799.985376237 598.370644189 286.111874851 811.793273685 580.572314226 585.977728875 657.369582728 939.257790377 796.910894176 568.449590196 232.153814512 664.971870509 227.047044722 408.856820707 575.74522017 585.06757405 501.086729599 622.24555492 610.208891176 677.986385469 615.032236314 127.53150214 176.860820498 559.789567034 295.175204668 234.599679913 67.97747405 391.696359075 262.553589652 690.518166193 452.196666536 547.654837705 680.281760105 828.301439608 907.57425347 451.208130987 544.557181942 643.26072699 161.579247564 400.381318438 589.332985793 178.821442784 164.706869297 481.998168628 354.616223235 311.937052786 554.393834595 834.117940244 686.572999187 382.674927173 107.148202759 401.354760072 405.161473064 303.680631382 765.581655705
127.051848023 763.70916089 485.010690052 530.236373048 253.855107251 276.052921061 279.20534964 0 668.588851502 540.157823327 126.091457998 538.371177756 82.5003373257 500.825891847 192.152633309 417.740244262 277.668525136 610.358509167 322.885877947 613.898254763 596.226131814 517.063188154 592.454455174 579.820573561 456.052613037 140.233894601 534.604247468 443.578186033 495.300960925 473.860346026 544.330317066 307.526959739 219.918750726 352.203502448 493.468542676 487.986793958 612.510864847 144.372760536 294.150677203 220.474267024 546.689807675 371.909308009 512.241272941 518.044289205 459.064200353 252.773877246 523.376048724 349.04887875 448.633465317 534.510606355 323.522165699 400.013223931 380.71377652 660.073148126 526.413830325 432.100555662 449.821046147 386.98468407 353.262032586 609.483602561 397.473771309 394.736163289 322.510051911 403.640210427 482.109461123 594.398594626 532.59569852 173.201239239 242.769311709 333.074863593 517.660581903 154.287145256 263.495043402 545.874523693 177.35770367 444.187116701 444.476410337 460.101488593 412.835248452 595.014776919 784.006209947 204.693666694 267.296620519 450.361143231 310.633551476 132.878673368 556.355147072 283.20822276 330.476368312 392.861043897 265.889393888 114.606957064 276.123087537 557.512855243 629.279320867 118.009311582 373.884278555 132.139922573 389.961129194 372.989501472 535.291800776
542.752971669 237.71326537 1127.90711443 282.234621146 688.747141257 405.29339091 848.372481837 668.588851502 0 504.309544727 778.00295419 1186.55105253 723.933931327 358.137199791 477.007043011 1086.19831708 945.871831209 212.823315596 814.423401175 261.377407995 88.9580517143 208.912380815 369.484512999 867.18801215 281.380641644 533.070390926 243.282533598 275.726753193 385.697858179 562.289219994 172.246617288 508.211577661 836.843261143 829.081307085 749.8435308 710.674358155 371.776343679 524.83795083 413.126339767 887.935604253 219.663606253 924.838952773 285.96438716 824.361025489 936.313800156 725.116422285 510.536785214 776.911365736 761.330601641 525.109986547 408.976765437 936.846913005 638.329330819 641.373578212 746.441438047 1019.27916368 842.558696581 618.725459252 1009.71479451 884.650221125 946.002417959 274.409314872 896.894610708 881.725672601 258.467738988 298.730912499 321.305457219 808.966321017 681.357140185 827.527342917 880.459156659 617.497745804 876.090917846 772.867694419 586.832359021 829.367290683 1104.15390904 1081.81756938 722.994053153 215.05280308 211.118442629 737.06315807 621.193226961 218.276900848 738.333956622 556.426828137 1198.36895434 937.871659576 753.954429131 1024.4474461 919.789322898 567.676913491 543.559802208 518.134326423 358.255369716 563.274699138 954.200228242 560.082280921 1051.37682883 633.66058803 216.606685945
451.561626754 403.705029772 1004.05763158 223.062697031 365.961353636 349.114095803 533.293629626 540.157823327 504.309544727 0 575.067606876 1049.49592039 534.497597465 667.104639423 423.957448031 882.886668189 745.473613141 632.018904466 454.823356535 258.678217331 421.388324113 308.368109218 738.609034075 383.196503909 259.634083697 488.184467254 596.598405483 532.700302025 685.044540364 96.8812635054 535.890788899 232.851138104 759.97612028 453.185531207 279.134984725 237.674216863 162.224473118 445.930547152 301.178234575 720.838786807 586.081813021 571.083218578 222.892307393 355.235272639 526.77999044 401.729497974 795.096503857 843.411646189 314.195232074 811.890248137 554.105791658 935.364058453 788.075975514 958.76214125 942.436233811 972.046258159 410.270227674 779.700475538 754.268448575 394.850435037 934.767555977 388.556566439 861.509714842 923.538028053 268.273498701 216.726488023 183.126742578 573.323873146 367.690285954 852.807240417 423.272223413 394.569636668 590.888372549 285.267925383 365.167960373 931.464087204 944.327571169 992.703231723 858.350149958 622.556095466 450.606827977 723.790588724 700.19796232 413.916716263 374.494149224 526.685783125 1072.83117467 692.685952574 378.027628316 923.690564464 788.765454848 436.018936146 647.06965182 821.226128974 185.262815103 516.695840765 615.346344523 531.722690691 890.470194706 230.682123356 572.184367932
238.229751149 850.378281684 429.421911394 609.404563694 228.3877825 374.931361682 175.100050281 126.091457998 778.00295419 575.067606876 0 474.55904572 54.0747397445 626.910784698 303.259147801 321.389833266 177.860727368 733.36206264 245.34130945 693.310739608 700.950919865 610.830047597 718.530167976 528.013585887 543.417278134 262.63709829 658.142520061 566.059282206 621.300194393 494.010191429 663.561084433 354.231815903 230.070009509 274.444718871 463.086319406 468.350139003 674.149359468 256.478989686 380.628097992 146.090637382 669.279439611 262.730851755 592.057231455 469.134729043 365.84118129 208.112470074 645.275724405 423.343743791 409.758015913 655.662473995 449.256241824 423.569660988 488.010859286 775.915994951 623.440247462 423.895160115 384.890368777 497.318579217 232.7573745 557.523722933 415.586119643 503.899490141 338.83363582 451.64206813 570.632807015 668.266680812 604.518807926 51.031741966 221.258140114 386.994449536 452.348665453 187.567236212 142.726871292 514.95819382 221.246092627 515.856245692 370.546177363 425.007304272 506.316592906 718.030290547 875.717017142 276.120234626 376.81733128 561.373860639 264.899600531 258.871893154 497.789520058 161.167221642 280.255687471 355.752543309 219.314060692 210.327791167 397.209411436 679.313417848 693.420175583 243.514642895 256.218790163 258.22224338 316.124182659 370.964210135 657.427965545
662.325140048 1301.424793 61.0192666059 1068.32921968 693.179566602 812.758884396 560.780439326 538.371177756 1186.55105253 1049.49592039 474.55904572 0 518.370193958 930.317109741 723.94111078 200.231205602 309.165837085 1080.8629262 656.95654186 1152.13037466 1122.84158536 1053.36510718 1005.11660849 935.584850556 994.272656404 658.752288731 1005.7341456 928.811942521 912.602570037 966.483334893 1039.2475255 827.022993361 350.563839462 677.970938437 904.624314551 919.78777936 1144.44889598 678.030057226 832.459075791 329.646000429 1024.04444207 589.293220056 1050.38588564 887.014172904 709.549711476 664.091519237 869.221528944 499.891573367 846.411080705 870.811050489 790.693668037 334.936556318 659.486823744 928.306800269 702.058369221 228.723200324 788.170472651 680.303078445 349.994588348 962.098331077 316.756335962 920.245708071 319.241548114 421.239443042 1020.1104906 1131.55751775 1068.96515185 479.665729387 688.437316185 425.545898492 844.789153915 659.569039213 492.818290505 952.408293391 692.085843643 530.80686683 108.679323861 133.74112493 610.580833892 1066.33804228 1319.85546678 461.2281875 603.345056005 971.178667134 711.490151482 631.337736349 32.125655744 382.089162901 720.194135998 167.002548824 272.62636361 652.667775159 672.568927395 896.665691384 1162.65578783 626.548569887 545.670813167 627.391172072 159.7296291 838.224567502 1016.27287523
184.8982172 798.320663215 470.435271159 558.263725354 205.096780276 320.987829017 197.874660726 82.5003373257 723.933931327 534.497597465 54.0747397445 518.370193958 0 579.573310143 249.579048537 373.000313973 229.281121785 681.72716977 250.183317594 642.285340138 646.938659197 557.589643454 671.763466389 521.299511865 490.860788507 211.919281125 606.887047539 514.31712989 575.191781583 457.576821215 610.58332564 308.691749491 243.161959903 279.817850373 445.895939872 446.572709074 626.791366026 203.131431379 327.733362408 188.856672726 617.480382172 290.127688465 540.766077589 460.631149803 381.818152828 193.411633402 605.849899393 412.53867906 395.95590418 617.010583923 400.700688122 435.239583371 459.766521354 741.981350371 601.739347741 448.167243474 384.00200547 467.118579256 286.505311742 551.037311179 429.396801039 449.861242878 352.27822492 453.185398232 517.970547143 618.239952011 554.728463614 93.2715019236 195.946533405 385.213554065 452.157603656 141.291261374 181.627384707 498.38601575 173.760445224 506.988656224 416.731274706 459.124671841 486.229811039 666.413412369 822.94599964 264.48755511 346.769523527 507.38807965 252.304335632 211.903933894 540.123278379 214.764970372 270.256147765 389.873634861 254.331200277 156.25709581 358.602585767 639.989656769 645.529411267 195.534971907 291.393957634 211.850918002 361.867855727 341.115544689 605.42661355
409.750409679 578.738759961 869.335644294 481.399357318 651.602550465 363.678465312 760.501331181 500.825891847 358.137199791 667.104639423 626.910784698 930.317109741 579.573310143 0 361.918996597 879.778180076 757.083193591 168.465767155 768.591420408 522.274840743 354.695851187 396.235284015 92.9636841734 934.010019222 413.604962332 370.484778118 114.854666198 135.021563671 27.5793944661 675.012791326 189.84777973 531.357834866 588.775070045 792.960076426 817.09678794 788.24745419 606.440934647 394.13355006 407.405579054 687.359830312 138.514470293 851.881803423 470.576215354 876.89461204 909.392910642 676.201641874 154.261793742 459.798474049 801.973697054 169.906039051 180.015552173 633.641515588 302.144423232 303.670547677 390.068785768 730.349345059 852.950654569 280.431830535 848.646616513 959.286430047 646.540312636 278.621596129 615.459023871 564.19249031 414.749933677 539.462797435 517.205000877 672.688763028 640.341752081 523.805519252 910.416574611 539.294893597 760.007826706 858.12086761 523.374151029 492.422028409 868.661786689 808.607253324 382.934964218 157.642622406 563.558792425 470.807422985 327.159044384 260.760541965 715.55093913 368.119785871 934.87982376 781.142325652 736.1177276 763.332958779 690.588740774 449.957346437 259.722685945 168.21515245 605.417618991 384.063505335 864.267266413 368.688598212 822.390217104 674.452329301 142.31989276
65.7625190382 578.927221437 668.11811095 355.989793538 290.554892812 92.5934730764 405.932703456 192.152633309 477.007043011 423.957448031 303.259147801 723.94111078 249.579048537 361.918996597 0 609.82033338 468.894167098 438.448294486 406.827104821 437.155007367 404.113864894 329.820638048 454.273121427 591.342748289 275.70337837 71.0613785003 366.070449998 272.156666484 365.278647811 386.958476878 362.257483336 211.360995724 384.711019219 431.04111835 481.195741209 460.088260423 455.536433188 47.8650220366 128.62149436 412.490471967 373.901013256 494.8379659 337.915708304 531.120232577 547.474797138 314.283013202 434.390838941 421.217771151 455.369820996 449.269727672 187.221514372 532.14842548 371.249831844 592.783759387 528.147585301 589.529093176 495.41886808 366.238496082 536.006277213 618.774402752 535.148673889 202.764410075 469.181600981 507.424384782 299.836078981 423.864801974 366.523252057 339.145449642 279.072138405 438.432997062 556.124594918 177.709332334 416.824752206 528.382085808 162.061873896 507.726005133 634.12105898 633.824993512 436.299797791 423.317348588 595.937188214 315.317552737 276.683487724 259.112866356 355.131360775 108.316873903 739.596150397 464.324738783 376.010002671 570.009181045 452.024630167 96.2380787429 230.800425311 466.809374399 468.671201894 104.256232176 512.271752328 113.417522858 580.11226068 338.286429859 360.99928779
544.373020154 1171.32024655 189.654462847 930.7815681 518.487436666 690.355486533 370.374873365 417.740244262 1086.19831708 882.886668189 321.389833266 200.231205602 373.000313973 879.778180076 609.82033338 0 143.726079691 1012.62815713 465.956681876 1014.69961109 1013.65839264 929.5510212 964.323870544 738.655272885 863.762782502 554.339622709 936.063314873 849.941449769 867.032713432 794.630965087 955.829007603 672.264890673 301.149461575 484.776653478 714.850084645 733.209326694 992.86611013 561.977088921 700.471510521 198.934874801 951.150590475 390.554364019 913.406369387 692.115625625 509.855242183 485.625787215 851.686153838 515.140537301 656.148247116 857.1074046 717.832769229 395.347517426 652.079636774 943.231962388 736.376419188 316.167417886 592.413612311 669.689310825 150.683959656 764.594219174 377.573008617 812.475955496 336.634643311 471.809485678 890.797511088 989.421895255 925.583234702 310.928763079 515.655076907 444.658528714 647.000610532 507.853025725 303.406129897 760.884549001 541.849757493 576.903494796 101.066763772 244.717488844 627.10242389 997.449459047 1195.57867692 420.855200407 567.568559732 867.925051775 527.500633452 535.972469837 231.591396735 193.432257434 533.751915669 208.625145179 193.550178061 524.484947807 622.268913455 883.021998043 1012.74235135 526.161426358 346.037547434 533.191302798 88.9036152931 661.925445499 941.174651166
403.191988543 1027.59715664 273.545788706 787.140927325 384.879044895 547.5832592 256.977705048 277.668525136 945.871831209 745.473613141 177.860727368 309.165837085 229.281121785 757.083193591 468.894167098 143.726079691 0 881.632072983 352.241889299 871.087609621 871.913402585 786.189014379 844.764946878 637.228678041 720.090506547 416.574951374 805.194831563 716.696957368 746.708407353 659.770093236 820.3152709 530.418436826 214.499766977 375.579006232 597.43577917 611.190582059 850.905648254 421.04429513 556.845773084 72.3537221917 819.0315628 304.363617547 769.7384988 585.073825064 426.816081271 355.016624399 745.334621828 443.446524234 539.743097603 752.669768997 588.443594752 370.039765688 557.546566455 852.984690955 664.231296941 326.456847512 488.638354338 572.534699791 111.355245943 665.02160833 355.676677989 671.642680622 291.826493713 428.891399561 747.153353383 846.11152515 782.339191299 172.30020647 380.71515235 382.84368747 549.696453298 364.923801179 189.793819803 646.28459633 398.80621585 521.315870662 201.131861775 292.611445358 548.585562214 866.342193387 1052.01437473 321.638925135 460.582566261 727.776912682 402.626274635 401.601501274 335.923722243 87.3933283688 412.012473896 229.830831904 123.570488067 381.638349279 505.296607562 778.069604508 870.489043248 390.21787839 269.82542142 399.317560889 150.178802406 529.794360993 808.392916606
498.788360138 448.7017684 1020.23051729 418.117532865 708.729605169 403.402716751 843.293215714 610.358509167 212.823315596 632.018904466 733.36206264 1080.8629262 681.72716977 168.465767155 438.448294486 1012.62815713 881.632072983 0 833.191266727 433.276598867 242.355647168 327.859918967 157.435800708 951.533829105 373.9245558 470.865257767 76.5668629596 167.422203165 194.542490173 663.914656574 97.1766638847 554.818926156 733.130253702 853.872627554 831.790883106 797.37789599 534.299084897 480.97292676 434.328424638 815.366194312 64.55075848 930.202318155 413.029334561 899.80707517 968.749841859 739.48037211 309.207821118 624.550684661 828.51377898 322.172386472 294.940539455 796.072282453 469.785602185 429.592425281 554.624875032 889.515377564 894.494407416 448.282314853 963.619735407 973.67448948 808.072166437 276.909722008 771.516559873 729.636999099 363.800561668 461.046373386 458.375088483 774.062190739 698.799690198 685.605746042 944.344270448 610.323615812 854.866366966 865.474433048 586.809732762 660.679636431 1011.84232009 963.664530392 551.269609594 15.3437744818 423.926868082 619.71419126 483.035338439 228.85615035 768.364852272 480.474008186 1087.72787681 893.293481839 787.330948734 914.239472988 829.54763111 534.383869352 409.38328999 311.698051907 527.141650692 493.150319776 950.094388115 482.511353579 962.849096439 696.829855901 77.7542009248
362.859098411 816.090958009 625.490921342 577.047091656 126.382228777 430.449325868 96.1808376033 322.885877947 814.423401175 454.823356535 245.34130945 656.95654186 250.183317594 768.591420408 406.827104821 465.956681876 352.241889299 833.191266727 0 652.781313505 727.223094939 614.298809449 861.079261101 288.162727181 539.20396003 408.486070952 765.545325447 672.484771642 770.822436828 358.691504156 746.166057258 308.725712794 474.665737438 29.6381276932 248.898778645 269.13385414 595.800357196 376.576982916 406.755706525 363.564455179 769.679481325 118.145666731 563.332800933 233.369787358 141.747431925 93.7707603372 825.668525411 662.435000369 190.196288963 838.768063036 591.29883522 667.479115893 702.573707286 973.168494984 849.246780129 657.495027358 141.058553288 707.510924421 320.474693482 316.985204146 658.538428788 563.737389241 582.469188104 696.776166557 565.552481011 617.286410303 556.224071134 206.376507889 135.153617346 631.206205158 207.515473234 229.306735219 164.139608894 295.527370474 247.549880867 756.556788122 548.361976466 641.256945202 734.987319906 818.674567472 853.153004979 514.258087666 589.172395247 620.407648122 82.5604409104 426.389496275 685.459187817 274.988811965 76.8966855649 574.706616645 444.375351932 321.678330291 586.99851379 859.47051687 618.559681217 408.206870345 160.570358175 428.455491271 501.053011504 224.522538933 755.729494498
492.914805388 163.471718317 1098.81171391 84.0705033609 537.454875492 344.693512556 710.70298063 613.898254763 261.377407995 258.678217331 693.310739608 1152.13037466 642.285340138 522.274840743 437.155007367 1014.69961109 871.087609621 433.276598867 652.781313505 0 193.386885205 130.874048267 570.353525983 639.237693293 161.675941106 507.678686308 423.392517868 394.266154247 546.471318935 335.803694593 348.509148562 353.589350617 821.056453624 659.853115714 528.817660261 487.522084409 110.766575176 478.978045809 319.755955488 827.803465248 405.65596379 770.364361325 101.824458846 605.520957776 752.850332803 576.314153696 671.585878011 833.752894685 553.348782511 688.216243491 477.370856407 965.002705847 732.264892666 825.884215106 870.834086761 1026.58895884 644.652006396 717.595369819 908.835016077 652.50457513 969.42107541 283.579361495 905.701506692 930.340924148 139.677895788 41.9571891756 96.5685000644 709.487369009 533.858935225 865.023427046 669.487710588 508.236292373 754.840391259 541.718687641 474.11482572 907.522707572 1055.73721148 1069.39570994 813.920406947 428.164458967 201.881483482 748.998093271 674.847767491 269.429543503 570.653713976 542.7980816 1170.20868187 839.703232516 581.24974377 1004.16173298 879.782185054 499.466830948 604.070267921 689.915606533 97.1456631567 541.131349795 808.369383308 547.696159695 1000.80404036 440.069803093 394.581416797
469.321371024 225.435644569 1065.22652044 198.325678366 601.941348334 326.154149283 763.733525735 596.226131814 88.9580517143 421.388324113 700.950919865 1122.84158536 646.938659197 354.695851187 404.113864894 1013.65839264 871.913402585 242.355647168 727.223094939 193.386885205 0 120.267689033 387.814878277 779.352602572 192.443707238 464.845404024 245.067382961 245.328242037 381.217569668 475.254232062 167.261660254 420.119566462 775.491810594 741.34261614 661.62070374 622.708602201 299.777347714 451.853377674 329.278053538 816.603621346 224.21040948 838.615034079 200.070222077 735.876537267 847.898304677 638.713904077 508.736803831 736.334108074 672.472033987 524.56807925 364.668087106 888.673220052 609.184018791 653.262039963 730.856385417 965.614201144 753.622481877 591.182591285 931.237011121 797.256773419 896.479085066 202.829018376 842.728140045 839.493573818 169.610648471 225.55767965 238.529348872 729.58698568 594.85511756 781.243462688 791.600534585 534.940449446 793.74613195 685.584451142 503.46630998 796.703267873 1036.73447078 1023.15599404 693.860387879 238.851013249 218.228063542 682.114112584 577.355005762 153.200391167 650.461258504 491.596840993 1136.26037537 859.508734652 665.813029436 963.398761145 853.191850598 491.106246027 500.486666377 521.951950818 289.611006773 496.486728361 868.992251128 495.645163171 983.188374201 544.702825787 215.704239882
391.231991311 249.591051876 997.876522766 90.3589536125 490.537662116 241.038961724 656.985254492 517.063188154 208.912380815 308.368109218 610.830047597 1053.36510718 557.589643454 396.235284015 329.820638048 929.5510212 786.189014379 327.859918967 614.298809449 130.874048267 120.267689033 0 451.586197109 659.316749378 75.1235847469 397.710481781 304.477739447 265.353696175 419.425259906 356.069352609 234.834541513 305.65191542 713.485359176 626.883426831 541.403803812 502.620278809 211.660673466 375.335664271 230.543322543 736.260604696 289.570719673 727.888448273 85.8961490545 615.608997543 731.212861939 528.223135498 543.080422475 708.97383072 552.471310132 559.824819754 347.672272882 846.783314549 602.470865196 699.671183955 740.003639592 914.000350663 634.639270105 587.421797122 836.517600489 677.527667102 852.339911164 155.033860063 791.826184209 807.637685457 49.8964010161 143.249006481 130.52215678 634.433415711 484.316716298 744.055075815 671.595283868 434.862449514 691.921495603 565.984930714 401.849168344 780.086523126 961.518295269 962.827736321 684.71196266 319.93967083 266.943172245 632.768630338 549.233631784 139.115217685 535.804712685 430.085220279 1069.36729665 765.434198932 550.274142259 899.648221948 781.011140668 405.567820491 476.711822896 562.694641251 209.26342176 431.000912416 760.562864937 434.73191633 907.022795215 425.426626269 276.990065359
502.709371002 603.15890534 944.11462359 540.439248282 743.326353575 451.209549812 853.451175912 592.454455174 369.484512999 738.609034075 718.530167976 1005.11660849 671.763466389 92.9636841734 454.273121427 964.323870544 844.764946878 157.435800708 861.079261101 570.353525983 387.814878277 451.586197109 0 1020.71611143 480.45500474 463.293816955 147.343086923 209.668378756 98.1257504456 753.912897069 222.348608916 617.486323645 669.447228358 885.234582849 902.898470532 872.756313798 663.175265985 487.052052522 493.00722691 774.294925396 164.892115392 944.844956514 531.758050161 964.466228955 1001.680147 768.481724325 165.225582015 521.146197732 889.980291123 174.975177391 272.916141351 697.365650077 357.888096082 272.168613684 413.706737874 797.929387075 943.368791449 335.731610283 938.353854197 1045.43431381 711.548166548 353.90358579 687.279848463 622.640892663 477.483202514 592.727768709 578.538209753 764.762982189 732.162252247 589.598086119 999.888032463 631.831645945 852.491257437 942.485721216 615.320868103 540.07588656 948.472039376 880.135621315 431.471413382 154.49226583 580.501472408 549.829218579 403.121502783 325.2402733 806.993500848 460.025720429 1007.82026049 871.534953734 827.436749079 838.611985593 773.348484328 542.88142271 342.067376114 159.729903917 659.400942665 476.233658784 957.120843035 460.414167999 903.815981894 761.21786482 175.806840739
572.842313022 786.664709815 908.560105883 588.519891698 327.045035365 570.333065828 380.70723067 579.820573561 867.18801215 383.196503909 528.013585887 935.584850556 521.299511865 934.010019222 591.342748289 738.655272885 637.228678041 951.533829105 288.162727181 639.237693293 779.352602572 659.316749378 1020.71611143 0 591.692240545 621.917806509 897.682981982 813.591854042 943.630174562 306.211397783 855.390382321 403.243911896 757.931169233 262.374779824 119.794170968 156.744233344 545.040055283 580.157487315 527.755661628 651.72717746 894.421890276 349.338622198 582.221271456 62.0959238182 240.065312704 328.634187909 1025.12290164 928.741478046 136.571555338 1040.27266478 774.203102457 951.536710916 941.194144415 1184.09667661 1095.46015643 945.491010311 148.602197108 941.68243804 588.295572935 29.7487901822 943.551524984 676.797425105 866.847151497 974.457253474 611.027349614 597.485737241 553.174443101 493.335362761 338.684548126 906.369716798 93.4088519199 442.497538735 447.434955968 97.9358081376 439.851012138 1023.86967391 827.940609827 928.344691857 987.207648225 939.11533298 833.803171913 782.587630216 831.04586089 722.78374832 269.838749413 650.864689352 965.293504565 555.430480324 251.108619955 862.373341327 732.53214122 535.320104606 810.113280332 1057.0078017 567.747693881 633.784060561 396.379089853 654.384420235 783.579796338 259.584130283 879.761028228
332.878322256 308.14703762 940.048812498 84.1120563644 415.647454446 183.470098996 582.966976623 456.052613037 281.380641644 259.634083697 543.417278134 994.272656404 490.860788507 413.604962332 275.70337837 863.762782502 720.090506547 373.9245558 539.20396003 161.675941106 192.443707238 75.1235847469 480.45500474 591.692240545 0 346.067164798 337.130529413 278.62936304 433.805482479 292.94021726 277.138885554 230.533128201 660.081008834 551.772659719 472.776257446 435.04935755 203.554278697 318.348374805 163.419872754 672.972087158 326.467359099 652.997251063 67.2682972074 545.820780358 656.456771863 453.463625078 551.222843412 675.819454208 480.819797427 568.143414966 331.091371822 803.701922718 583.664121449 712.526606575 728.799125728 864.977963411 561.179876066 570.755684043 766.3661847 611.136000415 807.927883067 141.426226099 744.026475978 770.733037225 27.5320160826 153.459844059 108.884141206 564.639934923 409.583933646 704.634722678 599.89453353 363.853168374 619.375071337 500.309234307 330.364276265 752.572374753 899.862795431 908.815398062 662.985622542 363.845563519 332.408609912 587.485188515 518.25502224 155.219357629 460.69639812 381.128239624 1011.53138983 695.70366072 475.248086953 844.111336491 721.655074949 342.473759788 450.299176401 574.386247152 209.566134916 379.534115079 686.067542229 386.031798884 845.085292835 352.341954006 312.550578967
49.101043579 647.255063043 601.966430863 426.874909857 304.598365698 163.508633508 390.78791664 140.233894601 533.070390926 488.184467254 262.63709829 658.752288731 211.919281125 370.484778118 71.0613785003 554.339622709 416.574951374 470.865257767 408.486070952 507.678686308 464.845404024 397.710481781 463.293816955 621.917806509 346.067164798 0 395.512286398 303.739525527 368.517779802 443.745493498 404.202459995 265.988470566 315.774984394 435.231950704 517.832810517 501.221900423 526.207782123 44.6587934882 198.543242008 355.526617406 406.942348921 482.913298932 408.819070524 560.379729323 550.186816263 320.708790301 417.426527362 355.230652365 485.395260876 430.839902546 190.53339813 461.218750349 322.654093527 568.520911198 479.351685596 518.913965055 513.004243157 321.03810117 493.062394575 650.388121317 464.107361727 262.016398887 398.259945751 438.278528397 369.712228322 494.876967004 437.554157834 305.040225812 292.551477556 368.71359698 577.17139238 184.780912228 390.19697117 567.370161404 182.104820832 444.231350625 572.02237791 565.117494425 380.239307501 455.526256164 662.511103641 244.433202995 219.248392641 315.134760502 369.440863541 38.6151328133 673.312563871 422.478061141 390.690296254 502.292531604 388.349971687 88.7116418942 188.195776345 451.122204092 539.578578623 33.4854129081 493.839773061 43.7117325633 518.742882619 378.685766296 395.343137905
424.949421975 466.587350621 945.210408678 393.736893649 642.34842102 338.50128155 771.854916726 534.604247468 243.282533598 596.598405483 658.142520061 1005.7341456 606.887047539 114.854666198 366.070449998 936.063314873 805.194831563 76.5668629596 765.545325447 423.392517868 245.067382961 304.477739447 147.343086923 897.682981982 337.130529413 395.512286398 0 93.9336568684 142.41779495 618.847373242 77.8214576124 496.672060929 657.366429438 787.168848308 778.402444742 745.723424171 515.956781726 407.333122307 373.554825352 738.818586991 23.7810931252 859.844499457 385.628472961 844.003266145 902.767903921 671.781327011 267.978937433 556.097207511 771.261633405 283.015718616 218.431342547 725.445619275 405.889328854 408.194851373 504.085289505 817.061336954 833.026716197 385.033031053 887.836291184 920.952598965 736.896800631 221.226470816 698.103241359 661.523781059 332.166127562 445.384777707 432.296194253 699.516841143 632.045638577 614.862131021 885.275194871 540.286744971 781.395903015 814.762703391 518.240439998 597.802766555 935.747914543 889.685890318 489.189795058 61.4071504191 449.551454965 544.845064062 410.509374348 183.105303345 703.345635135 404.232784857 1013.07506295 817.707492092 722.808413843 839.311561541 753.221109697 461.452810737 335.610206254 278.164779844 512.058012478 417.144743025 878.330604133 406.199126868 886.558979509 640.181443094 29.390967052
331.525556659 469.816182063 868.840192866 348.03234919 549.962399639 248.086636888 677.921709643 443.578186033 275.726753193 532.700302025 566.059282206 928.811942521 514.31712989 135.021563671 272.156666484 849.941449769 716.696957368 167.422203165 672.484771642 394.266154247 245.328242037 265.353696175 209.668378756 813.591854042 278.62936304 303.739525527 93.9336568684 0 155.624436985 544.397193685 111.163358111 410.689213763 578.586240386 694.495455836 695.079013416 664.066343499 473.40878246 313.795237959 286.362423975 651.712329536 103.223087277 765.99551855 336.547224646 758.453901524 810.354364842 578.760010178 277.726779059 501.268917281 684.754763895 294.477127659 138.552621839 663.362038933 365.26588046 435.672291422 486.334645457 749.462297162 743.295568565 346.64387749 796.746738984 837.746947349 673.284029984 144.981202684 628.231374088 606.233263942 280.499230006 408.288820424 382.987202485 606.646286557 539.486929788 553.41009428 797.130344269 446.565357123 687.836736267 733.65798376 425.004074703 554.929137329 854.413932178 817.15171469 450.102338718 152.122580931 462.935008174 470.803696435 346.79686521 127.237243087 611.608807159 315.096464173 937.91688146 726.215217729 631.328116295 763.576657392 670.624149234 367.660073545 269.325032547 297.99376389 473.523112359 326.983471217 784.404093748 317.45492937 803.997079957 554.647258488 91.7827128393
