100 5
0 504.380518602 359.955874752 50.7148002661 326.100602376 622.419583688 342.430244237 562.751476021 228.172181702 521.378868894 617.648579496 476.357663685 454.933424044 293.907688749 547.044886997 62.2534203459 379.047133159 284.105587663 522.650812427 342.265949517 344.82250438 610.049601647 414.385477035 306.034812382 443.337010931 371.385978177 215.254047732 515.890335831 89.158963015 531.835429441 309.501820963 330.6137906 267.714131316 139.373654893 278.570090915 108.779097639 470.537924133 499.768074241 492.091025895 346.396707191 482.081834966 273.408689338 448.930229739 452.676922488 87.8763190936 235.659935611 673.259800883 427.985409486 454.946765842 309.703659305 96.0592275584 577.870263933 308.214666138 15.7966785779 210.240627065 129.345516635 119.988529358 543.986263394 333.655825738 468.394277151 434.050194345 420.321944708 451.289349068 685.010923244 357.83401339 409.969135937 457.734917324 341.473966346 402.113951167 216.384471732 179.920345895 489.686947047 321.828107346 559.394535659 291.084839325 334.179272945 679.757240056 415.786321493 396.621673335 183.697842805 551.592826443 298.273114663 314.12534487 129.611104474 221.586107525 485.005296062 599.966229252 407.453948749 478.472862803 257.84892547 550.380015893 597.451570521 561.832051575 335.917217949 599.771527963 204.216027715 195.75944292 341.914339918 313.143880039 428.977967577 203.927425067
504.380518602 0 864.32249251 537.336509058 520.550158103 820.087147361 814.807715074 1053.02288327 335.536138513 135.952376084 1120.54437297 324.826458727 930.079948866 433.194307597 634.544064267 464.504144063 624.420359646 396.911217071 840.43923189 761.037825458 834.033332996 858.270385402 514.914879196 602.720465881 907.870746684 717.867086564 309.977566586 748.115778276 452.070969563 612.880295319 791.968909298 301.124795127 594.393775549 473.932684614 380.371315158 596.420850107 891.712883812 170.321748792 886.083717537 725.01481981 391.739992622 706.717063654 951.582790599 393.677606121 589.414210824 328.427911656 1177.03917939 649.849961933 759.381587178 750.601315683 599.877924232 81.4330423359 780.484676681 518.243413019 548.480498533 462.016897131 616.532777666 626.921832597 266.440603166 728.294507125 663.457780276 121.063533695 935.0143397 841.145518255 862.189865655 224.017073309 805.780116518 321.048705636 575.511565517 698.160437853 418.128772211 473.99190829 718.9676359 58.3065527218 740.723178407 472.26346592 837.303892996 129.166028681 145.15089232 622.396504399 154.472482632 741.358678511 217.860322207 376.347927005 285.991002982 554.007350766 834.0125977 172.378882568 198.527247327 746.625567923 847.21041241 1099.71835927 694.596914042 804.292453027 744.219327052 662.671960874 556.638393948 187.413483359 718.313396303 183.929386404 383.404336339
359.955874752 864.32249251 0 331.369934726 545.317944662 707.2402783 191.72695197 252.967387303 564.770530701 873.279228377 263.323270142 791.910300814 216.023892908 572.106290221 735.491571081 405.166199422 531.241767387 582.110248298 528.420918549 310.290239378 139.788912142 646.693091385 647.554249198 458.079053804 240.239924401 420.490088681 567.924057799 602.929106044 422.290061986 729.353002003 162.757222644 659.759852337 423.791290015 430.340793625 582.342323553 279.400806048 354.91973805 848.409357625 403.067812178 379.745875726 772.619685601 284.628437442 99.1930484612 740.8548805 276.097950399 574.745020469 315.533447243 565.766289189 500.629122093 267.48429784 264.992355549 937.508925521 201.492358282 346.327697318 417.036122654 431.846985682 253.256740856 736.240122326 672.722500677 552.001233825 562.3565036 776.363961735 194.285003521 784.843353757 9.86907705123 751.526907965 458.569569764 662.683644099 595.896942232 206.340540756 492.944026263 751.728937667 349.346788921 919.099460854 257.791939735 583.793480954 779.904066919 772.110424383 752.563731289 302.017405382 902.328058508 263.735972858 668.594393178 488.843324693 580.617469901 706.332544031 653.181146332 757.198856768 820.815279715 162.331628307 567.761280578 245.697300731 709.317671491 210.76259629 726.192782664 260.743312527 396.591357146 697.86083371 336.392326472 776.899161026 527.862029221
50.7148002661 537.336509058 331.369934726 0 373.448563185 581.914774167 340.740682082 520.921875151 276.61423019 562.949251396 583.359169994 478.893952664 448.93793749 280.176202872 519.053184737 73.8739832577 341.5033511 276.8388049 474.845779707 358.473004189 301.735965885 644.662993199 392.33318726 345.811443193 441.854883167 400.894761484 236.555048792 554.237243589 139.858394734 505.156764643 304.011183687 337.374615211 306.141733319 121.19034986 329.207987282 61.7487179606 419.955351575 518.379651364 508.478328377 297.137394603 532.629026174 289.475736101 424.670140078 503.310452905 82.9220480805 246.677204065 640.384206056 469.795731023 487.205752753 321.243803715 69.9527743606 608.137446501 260.548979188 36.6304518933 172.964588064 179.243409596 117.337071872 516.593472314 345.663497253 505.379861173 475.026147144 459.924711842 407.0795549 646.808555923 328.103095311 423.896948964 408.884107836 344.724252975 371.884581363 216.217633153 175.124620407 475.979415575 271.863417676 593.558011783 240.847925827 383.717348125 641.531565716 440.827411589 421.24518351 206.056593587 593.564913797 309.733193258 337.225964369 161.472177625 251.532251355 461.984323384 636.191018919 450.598953318 523.596128967 250.631593987 503.564244474 562.404934626 606.493209944 287.873885807 643.051645821 216.876185011 155.938805635 366.583727858 262.905769757 446.930895976 205.612142776
326.100602376 520.550158103 545.317944662 373.448563185 0 942.994167795 400.779552224 794.366671906 216.874206581 450.880156381 798.237730046 673.218297488 498.75884981 568.876031036 842.078473107 362.583655536 697.39056732 543.733455266 848.265834646 297.555579533 602.888797708 348.310125031 699.719498013 104.383709397 464.269008435 214.160164961 402.142611087 237.931978488 247.578034266 823.935499325 401.800062978 535.357784731 125.288012789 446.095625602 143.535137899 416.4922021 776.220140413 614.06485978 384.955605132 670.035171077 244.319942761 276.040097452 594.389744551 214.025286026 337.752578982 451.788797189 840.509228708 135.828203095 239.491209124 312.642564459 373.690820207 600.992245039 594.509719047 337.438739292 531.830604803 200.242498474 332.88561918 837.563544667 516.489275062 209.641138329 148.12039886 399.830115762 705.817373204 1001.21422169 549.101689281 566.345568625 782.05727635 557.074598708 706.951787901 339.367271116 455.878643779 745.700634094 643.453147687 554.08296403 596.648481373 53.9693943674 996.042301103 509.943013887 498.513518497 245.464837465 469.76163389 308.919165837 450.760405128 333.480263928 366.090635709 769.178927177 328.006647379 352.190597715 372.970923475 383.80231679 876.451800841 784.408448158 241.367919182 622.539371598 284.572470821 284.718675425 519.664076711 460.317102381 633.529362494 560.77186815 458.117267981
622.419583688 820.087147361 707.2402783 581.914774167 942.994167795 0 844.972781967 668.93540147 777.230711001 926.793887762 807.5709844 517.606151697 915.981638027 412.455045334 203.920210965 580.412418803 245.759098119 448.984517601 196.04201083 912.147950116 570.618502862 1224.41398301 305.545690431 927.463877687 930.048011612 976.762739338 597.18982122 1136.13340225 695.416194906 222.451427179 802.461990638 526.435101895 888.029547264 497.470619576 857.034674076 561.741842618 395.835836913 676.911438635 1053.5390441 331.675467721 1037.48382979 848.098194922 793.07084086 1015.04865066 647.895340963 548.458793003 863.553481655 1050.38151824 1065.33424294 867.208295642 613.803140756 842.508214896 506.081560135 614.222924254 412.413648711 742.886406461 673.547349241 211.767287884 562.325180411 1086.99534117 1056.23355929 829.262528432 581.848494924 78.3909629491 697.723089717 596.659338208 253.922728597 503.347808533 255.599907467 750.578868402 500.450778808 365.028340917 363.963088716 871.598427107 453.803486392 940.193282539 73.7899038298 692.488743242 679.507026779 779.77406623 955.688247138 856.701492253 633.502141875 624.802948646 644.074310864 272.524972743 1217.24190273 856.939246029 936.31587843 756.891905486 159.73880434 784.916642596 1182.58699645 497.468082592 1221.79707901 776.66277126 426.864676957 655.428782038 377.442009802 637.6975691 512.988831111
342.430244237 814.807715074 191.72695197 340.740682082 400.779552224 844.972781967 0 436.885520286 485.576706092 794.42587313 407.502088692 817.570241301 115.529169849 619.257301492 833.880655584 402.841416784 635.600340501 617.567430055 683.554708593 123.700539574 313.641807142 455.040360568 721.845449766 300.965765698 101.238282787 237.607584938 554.448702628 416.061104765 365.550698613 823.465038979 42.5684277607 672.838112702 275.76024208 461.103694809 476.069483551 317.296451944 531.346792175 837.219578899 217.86907201 514.172534774 642.635946579 125.193920383 202.084598202 611.365846985 259.314035848 578.086276534 443.964628194 391.20498552 311.838542929 89.9424171694 274.488446119 893.880788278 353.393171415 335.128352929 486.756810609 353.205573472 224.750229376 832.946391331 675.79891726 366.542174555 385.61390002 710.077085742 385.524065666 919.663072139 199.984194002 751.23562746 611.039267533 682.727187847 686.490741838 126.097579411 515.397022306 813.444129871 481.652607336 864.101267705 395.067510674 447.905144451 914.484952801 746.307081045 728.180699987 193.297324974 820.420657635 92.0239334001 649.449492669 463.50336006 551.367147506 788.477714946 462.064149206 679.339661056 729.801756644 93.4089009432 721.375784757 397.179920626 529.686488393 372.469577107 541.954665859 152.145229653 465.773845132 674.663910292 468.201858333 767.617922632 543.839428014
562.751476021 1053.02288327 252.967387303 520.921875151 794.366671906 668.93540147 436.885520286 0 786.133800854 1083.60548656 142.032835155 913.113401486 418.327748232 688.604566587 765.413420945 590.742149245 576.523527791 710.418956945 472.895895625 559.438804874 219.497359941 888.206891621 721.574988229 710.258291195 454.678651826 671.625946532 743.895343746 852.606598952 640.698239135 766.505665535 413.701701323 803.812919435 674.984341894 584.002374861 816.786449597 459.612197341 273.967105381 1004.21668757 631.009511353 405.25422859 1013.88556558 537.57459748 250.076268124 982.315174144 492.856254326 735.558133847 194.869511723 818.658958275 748.720070994 518.693273107 469.183014321 1118.89004593 275.808576066 547.221343616 531.731962642 660.457678466 480.022372097 768.739073064 825.495403764 802.42970967 815.075303953 980.830324893 120.550574356 745.693456862 247.543678659 902.156876996 423.259579995 799.440838487 652.942371627 455.425348312 645.223086123 832.706306407 388.714267302 1110.3935895 326.235343205 829.849507836 741.629414269 944.951475508 925.18800937 549.075650486 1114.04549959 515.718876982 841.691936778 681.283399877 768.084142167 763.424754662 897.305809854 970.192824085 1040.45148541 414.476518378 509.961818581 121.820175741 961.793555876 256.054513303 977.379894421 510.105249399 516.332547538 872.559318265 381.217862637 934.597834791 681.94467201
228.172181702 335.536138513 564.770530701 276.61423019 216.874206581 777.230711001 485.576706092 786.133800854 0 311.418991867 827.879636555 456.94273265 599.691032849 376.826568169 650.532642724 225.852340297 534.633453496 346.354031572 717.135661363 425.519565615 570.680265046 564.390188867 506.457076225 276.291074517 575.146568629 388.045665419 195.22918384 454.520309181 145.443691857 630.917234392 467.229966218 322.537281627 261.914984335 291.284750434 84.9226502526 336.866423808 693.382078229 402.309884931 552.905727106 553.618355073 266.667208857 372.571080151 641.577108178 240.839945471 293.921575106 247.247551252 879.932122626 352.442269029 441.200111058 416.496003403 317.394890398 416.617040602 536.376466787 243.9406849 385.77359632 135.203411394 311.90831902 645.161218847 301.179396224 422.675776453 364.287919328 224.910206777 677.71210481 826.80199898 564.791697935 349.551251995 659.795381236 345.481830023 527.37860114 376.917269524 276.791347635 538.598952124 534.061545664 380.919860983 516.520894283 186.558064823 821.838265052 298.937688299 285.661989667 292.339126165 339.224228918 407.680087262 233.886581871 154.194421506 153.681569672 573.004716316 544.735999248 195.149016477 256.214225167 426.995101519 738.724891748 809.392729951 444.762741152 564.024455872 491.974775553 334.842504848 380.627440978 244.266001372 527.568005686 345.463692009 267.326584166
521.378868894 135.952376084 873.279228377 562.949251396 450.880156381 926.793887762 794.42587313 1083.60548656 311.418991867 0 1135.39390787 452.149318752 907.094579167 523.295487783 750.636571646 495.728074049 714.41722889 485.769783076 925.794083141 722.381336022 864.663616223 768.532316181 622.00094894 545.498026042 880.061884997 661.162317724 365.387874073 661.181625668 450.989350755 728.887639492 777.990210319 400.373069149 546.136042942 526.922752116 325.643533156 624.570374741 952.146950709 304.691480349 832.540125231 792.259249897 275.941994545 676.800893739 952.539195129 285.100288264 598.460390028 399.335179879 1188.81267384 568.750820891 688.568969042 720.291147372 616.577449275 188.330419559 819.82348913 536.722469914 612.717786995 446.617873231 620.087003967 743.29863288 364.473910413 649.072705891 582.75473904 106.871613526 969.822204537 954.56629171 872.673226374 341.944909472 883.359926413 423.570752918 675.083248714 688.317224565 480.630380145 595.179155146 781.232029262 128.320025587 788.111980106 398.103716359 950.433041804 240.927954527 250.233231476 602.019691796 31.4031871984 712.443211769 296.816478045 405.06262902 327.646239433 668.631071575 742.423546174 116.413921183 81.8203944642 738.412115476 937.087552542 1116.12452829 590.894486208 845.77149206 639.654274397 645.224953484 616.662908567 272.091562641 778.409982921 305.738095871 450.52736521
617.648579496 1120.54437297 263.323270142 583.359169994 798.237730046 807.5709844 407.502088692 142.032835155 827.879636555 1135.39390787 0 1014.04308274 352.637608045 788.848873419 893.072424496 656.735072266 697.705579286 806.262180345 611.71353781 529.726401105 302.114396346 834.346688837 836.962567116 703.987424078 393.079500559 643.686889439 817.259480174 815.827514053 684.656154558 892.483081165 397.573828227 893.944134717 673.764902141 666.487835396 844.827391281 525.640459792 411.735188275 1090.28003188 568.503706777 526.70834727 1031.83265646 525.590050288 205.740813831 1000.06748034 537.015942551 816.896796092 60.9942782291 798.627494806 710.077160692 496.73653198 521.601504047 1191.2872653 372.142409806 603.155739158 629.414518903 695.170131984 516.053658354 895.838273875 911.73574171 768.912013539 792.742608587 1037.04415658 234.304627901 884.88203456 263.091303248 990.078346435 558.363057169 892.788230839 772.2851691 464.660066166 729.481705055 947.223802432 505.647085457 1176.38311387 430.101478936 840.231049477 880.701290515 1021.59438541 1001.83548016 560.493210414 1164.71453194 496.932255778 917.506909459 744.228570333 834.88941001 884.239036616 847.55521561 1019.57464109 1084.0153702 416.541514729 649.445815888 23.8621538735 935.21415155 359.887082221 943.785198808 517.420352985 611.621203241 947.694118237 496.198184302 1019.26742015 765.906248962
476.357663685 324.826458727 791.910300814 478.893952664 673.218297488 517.606151697 817.570241301 913.113401486 456.94273265 452.149318752 1014.04308274 0 927.642389226 225.324622421 319.741016479 414.954893864 373.567342214 209.931427012 583.260726282 812.271401026 711.959786426 1018.2050964 229.50486285 716.445858384 918.773740534 814.848591944 281.731247622 909.615119634 482.19213506 298.810487849 782.351438003 147.746287666 690.538462717 363.973541137 538.008898272 517.168717413 691.016298479 162.971315326 959.140097406 522.709473699 649.242776181 745.079441101 890.276071902 638.301051718 558.443801434 243.92248649 1074.70360772 807.937767185 883.458962524 784.023718712 548.179525125 330.026577686 642.814619546 482.591929354 384.635545493 519.556948543 592.88272461 311.817698421 157.752656341 874.201425231 819.197804586 378.192691077 793.347836842 526.925240028 786.310417418 118.393470471 569.590375693 134.911382931 304.062862329 691.601366265 304.172273471 154.86596061 530.350210559 367.962509454 587.6586521 642.343845422 523.568404414 214.764438365 211.655666215 652.73822408 476.024251319 772.763463762 224.886957572 371.053305516 309.053709304 245.084707055 999.931698479 423.65238879 489.370424739 729.231302981 579.22871653 990.747865655 898.581477319 658.534320128 946.818965855 679.356972057 402.610897642 223.905948568 535.418270924 147.475599629 273.807369853
454.933424044 930.079948866 216.023892908 448.93793749 498.75884981 915.981638027 115.529169849 418.327748232 599.691032849 907.094579167 352.637608045 927.642389226 0 723.707111496 923.981339127 514.196611419 721.892513571 724.62174623 742.342749325 202.556901467 355.336558742 481.71062596 819.69582859 395.309646903 40.9923449611 309.007002345 668.437164375 468.433736392 481.060445682 915.158853084 145.56056233 784.258326464 376.511977991 567.393482429 585.935449314 418.384333517 570.660600136 951.844922942 216.505657217 584.87954268 742.925647081 231.364389998 168.606583148 712.241254329 369.661553609 690.322381603 375.924718081 465.990076759 363.182699414 189.212899823 380.448495226 1009.28980164 411.296478479 446.638904663 583.417598321 468.229504074 335.635055368 923.6994659 788.582670494 424.488756129 457.828064947 824.472842544 399.451049266 992.651882535 225.888377983 864.68289849 671.453137059 793.110693713 778.571886803 239.134005083 624.050892941 915.530233691 553.060146293 979.032228442 462.268796567 548.794243151 987.596919337 861.596309472 843.390343556 307.958877637 932.530464145 195.725312944 764.224902507 578.009272075 666.465626799 884.230361211 495.165584793 792.599162399 840.731358789 198.412711935 781.412261542 348.566188229 593.206427808 424.302647048 596.853243009 267.551394809 562.225954361 789.731645693 539.66516359 881.958140648 653.92071996
293.907688749 433.194307597 572.106290221 280.176202872 568.876031036 412.455045334 619.257301492 688.604566587 376.826568169 523.295487783 788.848873419 225.324622421 723.707111496 0 274.496587028 233.237040533 191.959194876 37.5503194059 407.256094088 635.343234231 486.838283532 890.945667488 130.982752385 581.784617905 719.841189733 661.74153912 186.834751905 789.455640232 333.450936919 255.590980185 580.857258259 133.972528067 548.01044 158.99846409 460.57713521 305.70447241 478.193806995 330.2697236 785.443584279 307.759509008 628.605600878 566.249033422 671.129407203 607.933664333 363.087105923 136.458412215 849.564839887 693.001045234 741.422821267 600.356903862 344.781372058 475.774355328 417.490897035 294.887543693 159.484395739 379.680632803 397.489406461 269.517835937 167.054169696 746.245321145 701.759937234 421.40853006 568.547672566 453.944818088 565.935891059 229.246880893 375.055253089 119.693335951 156.872916798 496.061902002 117.379046131 196.213907584 310.70651385 489.7224719 362.673246863 554.367714272 449.165934536 304.895711408 288.058752678 477.57721649 553.492398636 588.841055051 226.485922443 235.421154086 233.58376971 200.400154662 877.522166082 445.538788608 525.602949078 527.276229569 415.179099335 765.513281424 809.368210091 433.463345388 853.442934017 495.084552391 178.025232483 252.269341878 314.309866404 268.405812043 111.133720976
547.044886997 634.544064267 735.491571081 519.053184737 842.078473107 203.920210965 833.880655584 765.413420945 650.532642724 750.636571646 893.072424496 319.741016479 923.981339127 274.496587028 0 492.237544826 204.249833824 304.308045744 328.734853741 875.09909189 614.296787041 1155.72772622 144.07654802 847.990871496 929.26890705 918.067138262 457.307791452 1057.52740784 601.435364164 21.7512512514 792.139993822 357.386957824 811.971995067 408.275172438 734.698760663 520.958048696 499.108973694 481.90700805 1023.91538577 368.156542604 895.601158369 806.766931449 831.315108459 876.924841494 597.920362159 405.20284831 952.875951298 963.326273539 1001.92441742 834.71892119 570.210862197 648.88390749 541.399731692 543.657065525 350.55878662 648.820888549 629.507915292 7.98481576292 391.86220068 1012.32815498 971.408082366 660.042773569 658.786899421 207.499551686 727.080238403 411.059440858 350.176350918 332.412356741 148.235418087 721.226019498 386.484324059 164.954053948 393.320179228 682.79676755 481.240188096 828.803872534 203.992935347 510.822517605 500.415699302 725.060024822 777.858820671 823.394231896 468.8997692 509.192274919 502.866192831 82.4653385914 1144.10355871 694.596223166 770.770821034 740.785829605 308.755122648 869.324158659 1083.07167284 543.560474952 1126.55002025 733.53577022 370.723136073 485.748466337 404.849380896 450.616043274 385.551851135
62.2534203459 464.504144063 405.166199422 73.8739832577 362.583655536 580.412418803 402.841416784 590.742149245 225.852340297 495.728074049 656.735072266 414.954893864 514.196611419 233.237040533 492.237544826 0 334.873933605 222.078271006 496.907686901 404.264595894 371.246334623 663.5034712 356.503399463 356.1116315 503.971774597 429.217954563 162.839848889 566.066508136 115.007089339 476.178837205 368.638288701 270.127909432 319.734974893 84.9957780918 291.299954931 131.967449177 469.106654082 445.68693128 553.92547489 328.462497224 490.503934376 335.507530093 497.923293657 462.91717962 144.635709099 176.498934312 714.002444372 474.308183041 510.724460607 371.955819286 141.795641743 534.572779412 324.119457604 67.7138287109 170.285621061 162.542487529 178.582137126 488.768479133 275.337485593 520.206233935 481.489641923 391.164624224 474.923078548 639.539385856 401.961836181 352.823271117 436.422582994 280.047009623 349.920744056 276.772559599 117.963302164 428.41830745 308.240368186 521.099718033 295.678904319 362.395955466 634.335068413 366.971919468 347.404309704 245.211427819 526.692548495 360.52304619 263.454144674 90.8487802712 178.513141278 427.327754673 652.001119008 385.804829494 461.447173299 316.149802423 521.453401412 635.609816924 602.56209147 350.278806243 642.85069853 266.455874726 160.486498265 292.724845495 301.733996663 374.36244246 141.870974107
379.047133159 624.420359646 531.241767387 341.5033511 697.39056732 245.759098119 635.600340501 576.523527791 534.633453496 714.41722889 697.705579286 373.567342214 721.892513571 191.959194876 204.249833824 334.873933605 0 229.18369949 216.917560405 686.600193319 411.67241712 986.164055927 151.514607843 685.015943696 728.891464999 741.253966681 363.572239136 894.620238071 449.837402396 198.913307765 593.388408532 323.55856996 646.263884607 251.712902524 612.905208096 330.499544334 326.138795781 509.134584622 833.023803124 171.544425833 797.972770385 619.812445476 627.206695851 774.269393364 413.437090417 319.188611478 758.233442163 806.708862179 828.409916125 643.953011489 381.93703512 663.189119655 338.340540084 371.929943893 169.046489953 497.411757697 442.240213431 205.113345549 357.98151234 846.42040002 813.021516771 611.281892395 464.134585695 305.965383919 522.836586386 412.869397251 196.036833786 305.477792055 77.3638460886 528.27042156 258.667492993 260.976628491 192.654794326 680.406401581 277.886026133 694.552381127 300.710592875 495.597792267 479.308714298 544.609128707 744.832616391 632.897502369 417.756929669 381.043867756 409.679737885 186.999693203 977.525039962 631.913799774 712.624477748 543.333788897 223.219915743 673.848837527 937.354118698 342.379292771 977.114691624 546.874078253 185.640557188 444.127714103 203.215880981 453.715352241 276.211294967
284.105587663 396.911217071 582.110248298 276.8388049 543.733455266 448.984517601 617.567430055 710.418956945 346.354031572 485.769783076 806.262180345 209.931427012 724.62174623 37.5503194059 304.308045744 222.078271006 229.18369949 0 443.82963971 626.330375573 504.255584162 871.196178168 160.275932968 562.145313193 718.638444476 646.550562318 153.405310063 768.081942896 314.369038297 284.569421446 580.392931704 100.254807848 529.794216352 157.282390033 430.75850582 309.356087316 508.250022969 300.259745383 775.990502189 337.978685894 594.412635732 557.513753277 680.629605181 574.399090765 359.014080386 101.800723354 866.694295139 670.312610994 724.103304485 593.307190122 344.212128677 441.46482426 436.842822065 287.058432139 178.702304817 359.256556629 393.674122418 298.841479405 131.595661287 726.130880976 679.544287787 383.88178309 589.976169649 488.778315196 576.436451875 198.079313456 409.822625549 89.9615882758 193.434245267 492.833267856 104.188475054 208.369651311 338.536142522 453.754926094 384.229812194 526.713566347 484.068813952 269.130663759 251.901896237 467.210158276 515.99425727 581.828224418 188.954532536 211.020155744 199.64451253 226.977741142 856.844555404 408.417282589 488.349298947 526.854257379 452.371046623 783.158050207 783.175903606 454.472967883 827.993746758 487.73708182 195.027857662 214.944203035 341.102017716 235.922614747 87.1191831418
522.650812427 840.43923189 528.420918549 474.845779707 848.265834646 196.04201083 683.554708593 472.895895625 717.135661363 925.794083141 611.71353781 583.260726282 742.342749325 407.256094088 328.734853741 496.907686901 216.917560405 443.82963971 0 765.681392656 388.970491365 1094.02193263 354.080840906 813.668384021 760.698391708 844.296447471 566.253928736 1015.59490143 607.05164383 337.797567638 641.865767494 540.084305912 772.778792764 426.021658088 787.898018993 437.770456474 200.075339604 725.009045877 898.691316103 181.486474058 983.801406504 706.801791415 608.168014876 957.544248648 523.910434091 526.905629021 667.521223767 939.311497235 934.168745121 718.978102503 487.294170055 880.104063763 332.16048984 510.853292918 331.4326892 651.347821013 542.941890107 334.446857808 574.115509432 964.339505114 943.033011988 820.979820811 388.272750556 273.178891871 518.642607032 629.675621083 72.7470373289 522.365773948 279.302478915 604.644378412 453.427525153 451.783633453 211.980420807 896.788539455 289.381194933 855.962453365 268.987935725 711.921137334 695.292462419 651.614392202 956.609703064 709.38525322 630.542331257 564.234274755 610.269808751 360.766954075 1090.52331866 837.189391029 918.029477899 601.618868185 39.6202584001 589.165330576 1079.55942699 318.100427298 1113.97086873 639.639935075 337.17791581 658.049186087 224.272093861 670.593869324 478.351587303
342.265949517 761.037825458 310.290239378 358.473004189 297.555579533 912.147950116 123.700539574 559.438804874 425.519565615 722.381336022 529.726401105 812.271401026 202.556901467 635.343234231 875.09909189 404.264595894 686.600193319 626.330375573 765.681392656 0 418.85743609 340.766497331 750.806142486 193.446101193 166.802335101 114.100796359 535.11549943 293.201575049 333.884371597 862.153954493 147.708496549 664.614666973 178.974016795 477.553930914 397.013228502 356.22267985 631.36792188 807.569058903 150.170723693 588.38243475 541.855035666 69.1363243262 325.072566504 511.543620952 277.414817508 568.361435239 563.568695359 269.481617837 190.358039633 47.2837522842 305.43776627 842.014651951 445.839116955 340.456383009 524.800288529 306.519213273 245.65395303 873.090753156 660.960337157 243.116354228 263.115657152 648.417501699 500.984928651 983.618583689 317.658869712 731.290308776 693.045091871 678.575580763 727.004434487 161.946283723 522.16410933 831.485970925 556.178563715 805.650130772 477.381022972 348.849450526 978.353543062 709.936115827 693.363072731 159.83481584 745.882454938 56.3012362936 621.23994585 443.104488616 521.678246882 820.368271823 344.668955908 611.068367815 651.549633142 168.717121872 801.721816369 520.16721832 406.153165389 468.641197548 418.412441763 141.777306977 505.114476028 642.685549702 543.149007178 741.286299157 544.460938735
344.82250438 834.033332996 139.788912142 301.735965885 602.888797708 570.618502862 313.641807142 219.497359941 570.680265046 864.663616223 302.114396346 711.959786426 355.336558742 486.838283532 614.296787041 371.246334623 411.67241712 504.255584162 388.970491365 418.85743609 0 759.608236203 541.672907277 531.221162676 377.243671635 519.508892573 525.559709993 702.6187205 425.744368786 610.420068284 276.096303827 593.229479529 492.341462767 368.296271864 607.470108633 240.25153981 218.463940011 791.423487935 531.115064874 249.180786867 808.395255464 376.236919891 222.851747888 777.260598953 280.735369862 519.85508024 362.744880554 650.134003598 605.853112388 372.256160791 253.454669246 900.885480656 73.6254304875 329.14867034 327.364811736 449.72960482 273.871224026 615.871643547 612.493319714 650.409339689 649.256116328 761.507370308 107.19788554 648.644418725 129.949490092 690.298117637 319.803484159 591.247656249 482.066480036 277.583902657 430.643078084 650.385031413 221.385959805 891.250688073 134.196334597 632.196394119 643.794037637 727.917254295 708.122446421 360.585597857 895.228397377 365.435912904 624.213523427 461.798573761 548.75695474 594.293075618 762.632241004 751.821602612 823.263446068 251.663219421 428.404334788 278.921225054 796.244380559 73.4372832499 819.500925479 328.813678946 309.510763756 654.939388846 209.505261888 720.939319304 467.331451984
610.049601647 858.270385402 646.693091385 644.662993199 348.310125031 1224.41398301 455.040360568 888.206891621 564.390188867 768.532316181 834.346688837 1018.2050964 481.71062596 890.945667488 1155.72772622 663.5034712 986.164055927 871.196178168 1094.02193263 340.766497331 759.608236203 0 1018.71179447 309.194052863 441.419279172 249.744776353 741.04334578 110.919848 557.523728185 1139.62345506 486.484989401 876.614057512 343.813110617 747.632954437 490.929815753 663.484864415 970.759985409 961.883540921 266.926805782 913.388234483 505.286664246 389.748279082 641.550231506 487.62946698 576.774571416 787.669764957 854.971704813 212.582717651 159.937246472 387.428526556 611.679551799 936.474189557 783.763288853 615.314787979 817.461555236 511.943966358 553.093256396 1152.26848259 860.615400673 145.205101839 200.23018492 737.474025578 839.831882498 1291.11079219 654.767979989 913.826385562 1022.17495966 896.856977418 1012.04718649 493.110828 773.794305247 1078.37000906 882.164470528 884.680678124 810.15378508 389.266699554 1285.82742774 857.768340201 846.6879112 445.20333372 780.558439831 394.725142744 797.873861689 661.73496093 709.281933574 1089.49887614 29.1566716284 686.158286379 686.778273132 508.712033064 1128.21500419 829.873222586 201.071523448 807.614383692 168.886405711 454.418358869 800.554159908 808.42105521 869.753656087 909.058538701 784.077208334
414.385477035 514.914879196 647.554249198 392.33318726 699.719498013 305.545690431 721.845449766 721.574988229 506.457076225 622.00094894 836.962567116 229.50486285 819.69582859 130.982752385 144.07654802 356.503399463 151.514607843 160.275932968 354.080840906 750.806142486 541.672907277 1018.71179447 0 709.910807816 820.437260112 785.409727908 313.472485793 918.532748887 462.00860996 124.702457971 681.419997004 222.299310186 675.070664211 275.1610929 590.656695475 404.606316368 477.386567648 378.681863144 900.783938957 317.374880781 753.075709413 681.791824204 746.201161475 733.807615353 474.076196856 261.484269098 897.883256213 822.920166095 867.165355408 712.935967798 450.260695233 541.204302766 468.34803749 412.916225421 236.279304629 508.863185807 507.318247198 138.783185517 257.988466971 874.467399742 831.42241001 526.494064373 605.955180429 334.764861398 640.118454143 292.329318928 345.297799042 198.50132598 76.2021760674 603.168321455 245.659008019 111.174258367 333.0804051 567.252985255 408.380817374 685.25948099 330.352422046 386.986094734 373.985061989 596.250334365 650.585577415 701.457557655 331.968696748 366.336883288 359.300883846 70.8455192065 1006.03472082 557.579468987 635.496371136 628.520337525 349.855954236 813.140602557 940.32638883 477.420461968 984.291599937 609.165982157 257.472722566 351.847510887 341.445459495 333.668862349 242.101169179
306.034812382 602.720465881 458.079053804 345.811443193 104.383709397 927.463877687 300.965765698 710.258291195 276.291074517 545.498026042 703.987424078 716.445858384 395.309646903 581.784617905 847.990871496 356.1116315 685.015943696 562.145313193 813.668384021 193.446101193 531.221162676 309.194052863 709.910807816 0 360.24458785 115.995962188 436.005301328 210.108981829 248.34043286 831.480109459 306.431448542 572.012688026 41.0791191728 440.870252297 223.419679493 375.90214582 719.950335234 678.042094627 287.079291599 632.470615124 348.492975533 178.444795305 498.721280918 318.368510224 290.139559063 480.751554427 743.793073155 125.739496623 167.283210318 211.529969182 326.991041519 684.053131234 533.318809826 313.341995323 516.052478668 202.935335406 275.535335644 844.322868992 558.832695067 164.557412131 129.591611297 484.125563149 629.817854375 990.974331778 462.890459179 618.063113978 744.26070604 591.161588959 705.883545645 256.680915691 464.709582181 769.663595891 603.347543834 641.099968153 544.776837058 156.913041839 985.715951317 575.073468325 561.295456597 172.030302112 566.387019094 209.026007514 502.216098346 353.521092194 408.203405619 780.639103374 296.193727956 440.465812808 470.157828131 295.865470635 844.915944176 691.39129164 269.43630653 560.456380766 300.587406034 203.070131887 500.688467508 517.050985325 592.128913982 618.715934973 475.038584772
443.337010931 907.870746684 240.239924401 441.854883167 464.269008435 930.048011612 101.238282787 454.678651826 575.146568629 880.061884997 393.079500559 918.773740534 40.9923449611 719.841189733 929.26890705 503.971774597 728.891464999 718.638444476 760.698391708 166.802335101 377.243671635 441.419279172 820.437260112 360.24458785 0 270.045421652 654.340712156 427.509690879 462.331249438 919.577489082 139.254567214 773.874040597 343.759439566 561.990366417 556.930102528 416.502683089 594.696847615 936.205781396 177.348645052 598.379674283 708.588312383 203.315775857 204.628154565 678.18224724 360.551834788 678.934506479 416.910866872 426.672148084 322.33902 159.785723537 375.103876363 987.712390453 428.58146118 436.266405649 584.615484767 446.013990201 325.98645739 928.637043879 776.394198622 383.817241414 418.225919283 800.035329474 429.157264825 1005.99928451 249.961668201 851.431054452 689.061561471 783.915894257 782.647182469 227.200856159 616.607034012 913.498005154 566.171814158 955.646707611 476.579992219 515.165143063 1000.8878582 843.868689033 826.021844189 285.885076005 904.862718253 167.770788742 748.314673522 562.942298403 649.676165147 886.302225258 454.517512105 766.432922712 812.064648249 192.689883057 799.409734491 388.502542498 552.627234422 443.698611788 555.924430873 248.085341617 563.508781314 772.928680541 552.703662965 867.014596218 645.063760483
371.385978177 717.867086564 420.490088681 400.894761484 214.160164961 976.762739338 237.607584938 671.625946532 388.045665419 661.162317724 643.686889439 814.848591944 309.007002345 661.74153912 918.067138262 429.217954563 741.253966681 646.550562318 844.296447471 114.100796359 519.508892573 249.744776353 785.409727908 115.995962188 270.045421652 0 533.124507041 183.543575514 334.774561131 903.132481164 258.06296457 668.169199945 127.063712997 510.732669593 339.30237552 415.08805036 725.512577084 787.243575047 171.473963211 663.651082707 452.384971457 143.600585634 439.172761505 423.837504757 328.967859651 573.939968926 676.637199627 157.179144001 89.8881171841 153.060337962 363.082203397 799.263610503 537.547489031 374.427441517 573.659382471 295.291674443 303.897685817 915.160282627 658.4444197 131.823740974 149.797946024 599.76611257 607.682013103 1044.76431434 427.282254088 721.982438284 772.508038611 685.47603722 772.022713988 245.996863561 544.724059588 854.866041435 632.421914813 756.909750973 561.308743465 268.105289655 1039.47699227 685.294462884 670.68575794 197.072685635 681.625641547 157.047730545 607.231325699 445.272298988 510.309881291 856.147217335 247.237315111 556.444893071 585.158814469 268.352507585 878.478304847 634.260080485 292.088745497 562.372352608 305.808033739 204.791102376 555.819781769 624.285791924 620.024947699 725.62449756 560.525362163
215.254047732 309.977566586 567.924057799 236.555048792 402.142611087 597.18982122 554.448702628 743.895343746 195.22918384 365.387874073 817.259480174 281.731247622 668.437164375 186.834751905 457.307791452 162.839848889 363.572239136 153.405310063 566.253928736 535.11549943 525.559709993 741.04334578 313.472485793 436.005301328 654.340712156 533.124507041 0 634.233092094 201.920314391 437.254444119 523.538562196 136.007537712 409.011523488 164.852092229 280.13760991 291.717446492 588.291854335 284.514028034 679.842296684 426.876696387 441.787748335 469.610382974 660.661518311 421.202861158 302.999844397 52.2396281363 875.191729199 533.779183264 602.539731213 510.443169162 304.364096181 375.362019552 470.569041734 226.010532533 247.340654958 237.836690376 335.091033414 451.650425475 126.195819976 596.174468641 544.190954642 258.670849907 625.361284282 640.731496925 564.588179342 197.420484512 519.689368734 155.840017413 342.491183201 429.303560404 115.324851762 344.472816849 416.474841473 367.918899194 431.275902348 379.50591259 635.933288779 204.566797526 184.889637889 377.251986389 396.743574323 499.511310488 100.695686641 92.2786596576 46.907532613 378.586039213 724.240151512 270.950610042 351.777382044 472.649785031 581.342644093 795.711953777 637.686125169 494.318614421 683.891674759 408.312262223 251.947408699 130.467851215 414.250779809 213.82649903 88.0833566406
515.890335831 748.115778276 602.929106044 554.237243589 237.931978488 1136.13340225 416.061104765 852.606598952 454.520309181 661.181625668 815.827514053 909.615119634 468.433736392 789.455640232 1057.52740784 566.066508136 894.620238071 768.081942896 1015.59490143 293.201575049 702.6187205 110.919848 918.532748887 210.108981829 427.509690879 183.543575514 634.233092094 0 456.536476705 1040.76196484 440.182918072 769.282725242 248.36052617 650.905087967 380.139442253 579.541492647 906.174744031 851.060108735 272.319980748 834.13056694 403.789494937 326.382280163 614.422091555 383.716571603 492.597506248 681.86329779 843.795761763 102.113753878 105.758769482 335.629866537 528.780158436 826.698732808 717.929108035 522.703729455 725.581474793 409.798705537 472.755341118 1053.73776934 752.268973261 52.3625736317 90.4193034565 627.20076571 791.168041485 1200.50420254 609.982598104 804.070899623 944.848875418 790.038885 915.929319641 427.167447043 672.931019436 974.106237127 803.871900924 775.573138862 737.942285334 278.361676686 1195.23842082 746.955469127 735.999546065 364.196634384 674.409189313 340.299090683 688.284894906 557.516934564 601.094890248 989.104661943 90.3214369408 576.224035476 579.639489169 451.820561285 1048.24728962 808.289638387 132.038026184 743.411997914 128.421683961 381.619906925 709.786996167 698.244588028 792.011957288 798.658660226 681.07533107
