100 5
0 265.741906792 166.466312296 452.294999993 592.360351322 358.455755538 496.536063094 337.291385796 376.043655546 391.975439617 242.363005914 468.45542023 273.828402668 509.356967572 366.541639029 437.473481917 472.414567507 318.714252827 439.092950932 552.795603338 461.102008428 469.83727713 235.860898185 114.363331907 171.654554584 412.889133031 465.952601498 606.706020323 377.937152131 588.169368479 410.554121788 359.397402846 339.662812599 486.631237039 604.30556622 509.583071599 360.530037644 338.718019603 588.827610616 469.251619157 276.211409859 613.269584967 498.538412833 463.87419978 479.12359554 316.309469103 361.112335758 587.048884076 495.002570446 415.059442901 44.3883079408 172.78000864 133.948355302 440.677282003 230.80652101 329.243838167 478.264192813 490.937162812 116.549222286 493.718939596 459.348289472 131.737585904 232.110675351 315.418338992 649.155095824 495.615990631 252.683102786 202.432552507 231.517815498 162.062193519 234.367565142 545.835467329 245.159328257 336.272069469 400.723484671 319.244250265 444.702528865 243.585630469 339.173947812 485.56996715 221.885813484 387.991850571 468.307426437 310.612431875 456.813455018 386.185267332 338.429101588 343.119914491 424.756277559 372.445892576 174.675901165 120.925226326 543.371189683 664.715211279 617.631264722 454.922734726 509.789017402 416.710389405 164.092647224 264.125917995 510.725146401
265.741906792 0 144.860262662 616.042616643 369.490380071 310.635542189 761.281961979 602.333464275 561.974257266 512.233652194 346.650279783 646.889546204 522.372611209 517.106806525 631.62032841 585.808699252 607.25904449 300.887030505 442.569282288 781.257474458 342.769089829 735.498044816 458.500493745 312.393441913 120.104421504 499.494779555 587.501692482 762.927181008 577.07572329 751.306087676 667.195347475 580.856209218 594.366086404 483.059850925 760.241672827 296.745415597 429.615043982 231.42207317 808.092352159 625.374185382 525.683652225 777.060730558 527.16471851 472.728456133 627.626120799 142.2059214 537.889925682 378.042314063 421.317012816 679.397814842 223.752775513 409.168044308 330.138970836 703.640786624 261.422120796 243.14258672 740.193290637 616.631789629 180.812347385 229.3634804 624.344584501 397.107966723 481.13519335 507.452378765 529.605140386 606.232440797 88.8962287809 419.624348506 263.615183905 140.896456941 178.355498802 743.702538625 382.380562769 329.66171468 643.06251981 120.15507941 638.279230926 226.619054084 604.898359692 722.479863161 144.870159492 653.602162313 423.507535144 458.232291953 640.413283264 271.14582981 577.586223987 602.11033484 274.539571137 619.338914955 167.211238099 226.273350691 785.322578596 462.235896945 779.840367265 450.942195679 760.961839822 585.79338737 425.769827801 209.482874288 476.27731896
166.466312296 144.860262662 0 596.054416643 426.42964714 385.783230735 639.805931627 483.633549063 527.167866773 374.081644882 205.762602618 618.349097951 388.486681406 577.011160274 512.637781574 444.156999702 468.036583199 198.569818021 339.967327459 717.982202444 452.180067443 618.702510868 397.034052048 257.673040184 26.7930751149 368.906712896 450.557927916 621.652641862 533.961986659 609.001631667 535.872797405 522.043034193 462.651797501 547.102402894 618.992499518 343.348209716 454.961470021 181.572151973 752.407743382 610.144652787 442.665099623 634.810821155 417.194472265 530.386552758 616.941010734 261.132537539 508.232365783 420.583509767 359.151791343 573.19520427 123.338310911 274.058352215 189.998314818 578.833379815 131.517336004 330.479040013 613.454739873 618.761108113 51.2041472892 350.103823877 603.757878786 291.891151959 398.567496246 362.701417246 645.110626275 472.052792991 189.497625696 360.830855715 291.311175141 8.33711899084 237.18627443 703.411419399 238.639912455 386.063465764 567.113035203 248.562520371 599.78300358 274.39540606 492.236305554 651.687230915 57.0092807668 537.140296727 504.275340271 442.899894786 495.812664841 374.928779573 438.920785962 507.201382601 393.773418701 538.903086769 188.497655684 200.679315599 709.829309797 498.594198873 637.814751743 352.178805439 675.657424704 441.856424574 305.084648063 275.023246037 554.473513204
452.294999993 616.042616643 596.054416643 0 985.450172905 403.383698061 548.319518578 461.723377379 86.1281511374 802.568498778 683.458729087 45.715701908 542.017961306 326.283541282 472.58404576 818.595781056 860.125502453 770.734948958 888.705587742 255.151547245 512.636350067 502.79774413 235.499167563 341.544909208 587.747989786 839.697499151 865.24786281 953.777253423 107.680783974 929.286966264 575.689917565 170.174213183 548.139821233 340.76911885 952.036567537 910.444352547 231.519924291 777.617778774 247.966583282 23.4319743212 281.154074141 950.021062855 940.703946199 316.257295176 42.896258503 548.373958768 91.9441805161 991.880096927 946.021906456 413.418274309 483.671355288 530.432623358 558.565098833 542.294251228 683.067651772 453.979399015 575.784817201 94.3262009129 555.840990102 818.308669648 8.45098157625 400.724848291 292.002424923 677.393428816 603.558150697 899.184703814 541.327299744 256.633358368 360.000136024 588.918071626 450.494057316 151.55317393 672.020468532 352.591249837 248.398235908 573.421117606 80.9480106338 405.229842467 426.900892967 252.150869721 652.23080491 464.585845659 404.502845819 157.884814314 793.869939928 490.793671812 604.310441635 332.95055546 545.261617641 265.63458277 448.899828888 400.931915872 308.457416984 1075.23922149 955.822706252 905.094485115 339.865433479 780.420130102 455.014813219 435.057010486 398.262059656
592.360351322 369.490380071 426.42964714 985.450172905 0 651.446967045 1048.85684576 899.008784627 929.256461052 622.444115889 519.009863046 1015.62309591 784.739251946 856.37307571 927.11215981 706.866039727 705.932660326 383.54190555 442.469002378 1138.88368522 632.517304483 1033.41468306 814.941129828 669.36926129 421.631613704 574.969529616 675.040972243 857.093774606 942.272298484 856.956984037 931.042479754 939.79571766 859.945655607 820.340589008 854.463747438 83.8886884075 793.350095512 289.001908531 1169.7017153 994.857410058 868.3125358 879.46844503 517.924941706 816.254405647 996.933646572 467.369666768 906.032664638 42.1343000211 324.168251862 995.923216501 548.420795025 675.488703401 587.754709096 984.561652676 434.130919658 581.456449703 1015.17577877 984.276929852 477.437215968 221.778034282 993.735135919 717.643300042 823.9098361 700.871671051 776.94457532 674.691054995 449.336026748 776.899434027 631.240818192 430.367599546 542.575935767 1110.50839757 565.42068501 682.832030628 991.786918296 438.346465963 1005.10372358 590.834525567 912.271899145 1075.19928241 373.814348739 953.51615688 747.213591517 827.590802206 793.609885331 584.282327767 817.778380551 933.401757541 557.831518323 964.454549223 536.550710636 590.309038846 1134.83846936 106.140151203 879.59860581 435.999699792 1102.02949673 732.355422785 723.656010567 567.908182313 798.687914106
358.455755538 310.635542189 385.783230735 403.383698061 651.446967045 0 773.167730731 625.801695538 388.832793572 736.613271741 571.466169885 445.86239881 613.319936391 207.594447507 651.37483789 791.498224271 823.693274347 582.580742286 725.316150795 634.453415344 124.598199354 734.404396942 373.30060309 290.537239746 362.49598995 744.503504619 813.083038859 963.844878152 418.03301434 945.982484566 727.008660087 455.055096739 665.230883361 172.777963371 961.393785373 591.472939046 172.67535556 535.575673547 642.206417771 402.517851587 469.144349316 971.234707967 802.817940085 165.208819593 396.31824117 184.333754826 359.701292463 669.559528361 726.374156612 653.252432039 349.387844319 527.653824789 488.653408708 733.817472584 515.465792444 70.1999920033 773.571531628 365.017508626 379.149353306 450.313318687 411.537160179 434.972575908 436.258099417 673.839322439 294.008246707 839.651592723 222.133745047 344.157421992 130.684710327 377.606791774 148.611342127 553.267671081 588.968090465 52.0171595973 544.471147063 213.401861403 458.281539497 117.495233912 609.380825077 599.719164163 423.03424458 662.038806591 118.492553832 273.756168247 815.269201843 87.7484852241 682.866797391 558.044897323 141.887683271 535.776214416 202.243863047 237.540752693 665.881900196 753.299156612 975.476886042 736.910637253 668.135329819 774.084723704 493.92786694 110.789506169 169.293594732
496.536063094 761.281961979 639.805931627 548.319518578 1048.85684576 773.167730731 0 159.299825101 478.874928747 537.024750496 544.661878773 519.76125861 266.396404436 821.645767796 130.141336866 493.500092812 531.510333768 685.670819279 721.216263812 390.671012688 896.209686154 45.5283519737 405.955313735 495.640256951 654.876974486 597.952048101 555.673961713 539.021963 446.728540095 512.472550187 134.319875795 382.857273718 193.836427413 818.880435137 538.520168763 965.400452633 666.721988598 762.612150939 443.43831378 571.09234757 310.240800558 523.110879473 720.668624002 790.721588383 591.052685083 800.689512541 496.989326616 1032.77587694 838.690249457 135.460543739 537.54786408 373.435668106 461.39961532 66.1750346562 617.358390435 776.658682614 53.9041616053 640.705592171 590.710304229 986.387304748 548.047797616 368.325589319 337.543986191 393.758499105 1056.15916147 587.580056885 744.653261131 430.068249932 651.05102767 638.909559877 701.447115577 496.434476885 501.978950946 729.00888298 300.708146993 809.009212525 473.590070626 687.370449768 165.201884453 331.992824633 683.069250821 112.391982165 846.103957938 543.387304109 413.825673773 834.372192634 254.898756531 226.908813557 884.125281127 283.465656688 651.479301799 579.068199208 323.098695156 1098.08036231 529.4394522 738.478882007 257.391127432 443.661653891 336.210957367 718.316847485 867.09845762
337.291385796 602.333464275 483.633549063 461.723377379 899.008784627 625.801695538 159.299825101 0 380.878684113 440.52875016 410.263089713 444.129189484 138.877110545 696.248093904 29.2883864329 419.299786124 461.263084921 547.956967979 603.68395274 381.264445491 746.967690632 135.133880776 273.424802847 341.427426258 497.574085945 496.652900801 478.229790374 515.022552657 354.139598061 488.877884619 115.149080437 292.211683252 97.3002704366 688.939021534 513.750300124 815.200720423 536.174521398 616.362561721 433.68546295 485.149042352 187.269425404 506.237241515 618.251411984 661.071525094 504.013288873 642.728395179 391.882839033 885.26316555 711.169725209 115.493195208 378.584718323 226.530436691 312.267049607 108.582387992 473.031940845 623.947649581 148.258373911 546.891104473 433.806342906 828.23171388 463.695645648 209.364236898 200.065297275 291.976265027 914.286760261 512.702615821 585.682159883 289.606190203 500.054235484 482.287470115 545.157632762 453.992544289 372.001964618 584.436755301 239.890828265 650.368262379 399.264403669 533.891580023 38.0349254204 307.660793359 529.136318018 54.6236196928 707.237091472 419.148489658 363.3377809 682.169616205 168.145068455 134.505423016 730.434301235 209.554347804 493.699347237 422.015608605 331.223382974 953.886753228 512.411632644 621.438444344 270.027926096 371.643186978 178.643057845 563.888401662 733.193131846
376.043655546 561.974257266 527.167866773 86.1281511374 929.256461052 388.832793572 478.874928747 380.878684113 0 717.441220757 601.896996442 92.428626913 456.316798646 358.349609571 393.767921481 732.550986186 774.129894052 694.598631528 808.695268262 245.620724882 507.458305122 433.683055308 150.921678038 269.667122072 521.333205278 755.576407063 779.511333532 868.021044469 34.5400944468 843.632559772 495.674222722 96.1700618546 464.682098926 364.678645267 866.26217443 851.80861793 228.606361723 708.016942827 256.791236496 108.487102403 197.032134029 864.53299998 858.3609109 337.530430832 125.549860944 511.1727276 29.1407491432 932.894597116 871.041332874 343.454319203 410.386418538 445.059921708 476.244200912 466.86470049 606.436206585 428.706684618 502.011711862 166.073470703 484.203156166 774.321460409 90.79752596 315.851782971 205.925164749 591.327091454 623.422060089 813.528811819 493.914827225 175.647401652 319.294169581 520.464388282 407.450076204 181.780504095 588.710504708 336.819750048 186.807332306 533.869429994 76.5491334292 366.187139307 347.35565232 217.270504903 583.983221317 388.232077002 415.103945931 116.585811215 708.00964608 473.118884997 519.300844169 256.607474214 528.620978275 196.20235412 395.716287341 339.298265264 281.595668104 1015.2672912 870.304969656 825.336516346 297.036528706 694.292085524 369.174233939 398.485242568 419.797986635
391.975439617 512.233652194 374.081644882 802.568498778 622.444115889 736.613271741 537.024750496 440.52875016 717.441220757 0 168.964133133 804.844248063 303.181446337 901.060187863 457.674743534 84.6508647827 95.3845151091 249.114445789 201.873596439 808.300324342 820.22559215 543.904906351 567.078577121 498.781420516 400.874542281 62.1976455831 77.0018151608 253.367798003 705.885484449 245.569479865 402.709465673 661.648258871 354.185501644 877.376107793 250.644206506 550.490416918 751.561931691 355.121642414 857.517874759 823.356046107 543.555426364 270.581925942 183.781250915 855.305767593 837.403391348 634.890169189 712.26415209 592.424893404 333.573482686 555.778480621 389.252999395 272.544637342 259.189534225 473.100299883 251.607740896 692.264119337 487.809040357 860.93720593 362.265649537 664.542944542 807.969241659 401.865235077 517.378773504 148.659927066 1013.59752751 103.772041251 562.831550131 549.6414537 617.924610811 380.545357221 593.994380234 852.274615483 148.18471658 722.636483128 651.632319135 622.536308426 768.806182025 619.169323546 473.330458633 732.778472708 369.237251268 486.169081628 852.150321445 685.368544412 174.44091195 742.36350147 284.314624574 550.143279568 766.219458868 617.686142258 535.502454507 506.465199636 767.245473539 634.672385288 272.419380174 216.671666347 709.100305484 115.016376974 350.161782589 630.313404135 897.738506972
242.363005914 346.650279783 205.762602618 683.458729087 519.009863046 571.466169885 544.661878773 410.263089713 601.896996442 168.964133133 0 693.252988439 278.915317699 744.101223241 435.079921509 239.16330142 262.30920421 141.416948613 209.613305396 735.518470299 651.75693721 537.315776712 452.221258355 355.742814227 232.526752749 174.018075902 245.859057368 416.418182012 596.817681271 404.692329575 418.553701518 563.361795784 351.079582878 718.436895117 413.741698246 438.69542095 601.148853813 230.937958558 779.811123074 702.278381638 454.390132327 430.431389845 257.869457773 697.751003121 713.992976566 466.092945494 591.528262723 497.116940507 301.81743353 521.1441377 229.913819056 189.129938388 126.385109576 478.662261607 94.3430224474 524.672762148 505.104570455 730.231023198 194.090414622 518.533307732 689.83712198 294.066436476 418.85012309 183.797204619 845.173512392 269.569372591 393.962828659 426.920006526 457.203235262 211.973083423 426.839933155 756.515171269 46.4760262517 560.805971928 575.599188647 454.312176639 662.895307841 454.469311142 433.615639924 661.518051843 207.499326183 463.709030234 688.26439707 550.485796763 299.798790035 573.915242219 300.907078314 486.748259859 597.255855991 542.439651502 369.416018592 347.474105274 707.441713691 556.482560933 433.190313884 227.010292605 657.953401175 241.962748174 262.554652435 463.646194683 735.271580482
468.45542023 646.889546204 618.349097951 45.715701908 1015.62309591 445.86239881 519.76125861 444.129189484 92.428626913 804.844248063 693.252988439 0 534.170691957 371.613702826 452.472150176 816.159670775 858.131146076 787.027153087 900.578984017 210.130297934 556.861006032 474.296779043 241.185113654 361.287898188 611.724076292 844.679227904 864.978755919 945.236732602 99.0682797666 920.266037128 556.3483566 153.084098922 534.091832607 386.454435015 943.597444666 939.303491353 274.986353292 799.505355523 202.330762521 59.997402524 271.034055003 940.239938793 949.105503734 361.972762691 78.7387705097 585.637837193 110.494668995 1020.59814163 963.44349961 386.23916699 502.489472089 532.330772031 567.290954881 518.380950997 698.862507974 494.324556051 550.280750455 133.747331432 576.043991887 853.647632374 39.4293860965 404.626141382 288.65284879 674.939143662 649.238197601 899.285952358 574.914906855 267.829844731 395.412306978 611.512548003 485.485608954 107.472320901 678.871543011 394.626997645 219.171563082 609.970627387 46.2612224336 441.432013758 407.995258156 212.084168365 675.023303349 442.041145999 449.993976763 190.194354492 786.186273045 532.925589885 593.650430369 311.906834822 587.713128382 240.629088033 479.773302235 427.418582989 265.629280946 1103.45447566 946.156269465 917.29108888 300.834175688 776.213362955 455.061521817 472.182372808 443.963486398
273.828402668 522.372611209 388.486681406 542.017961306 784.739251946 613.319936391 266.396404436 138.877110545 456.316798646 303.181446337 278.915317699 534.170691957 0 722.850734702 159.748188423 290.399300368 332.932835779 419.502913096 465.85632225 508.172018266 726.064391974 258.762852668 318.522180375 324.214933696 407.364322467 358.191962914 346.343335847 411.763856339 436.744129868 387.316958961 148.107609638 382.561407794 75.4512564341 708.794786089 410.033720815 701.714209981 561.10345603 497.17729378 558.774282363 564.746897415 263.170807748 408.39637776 479.47389951 682.30106991 581.721965698 589.996948939 459.31739077 767.406784273 576.707339415 254.291171871 306.172982907 114.43204738 201.075301916 200.835032708 351.638965539 595.924612897 230.446999586 616.442136144 343.200564795 738.590426279 545.774481623 180.884707259 251.248783675 155.62598114 907.315132577 381.176833307 524.715302692 317.633112979 482.675422871 389.102547473 505.34631222 564.353127599 237.629356225 580.28712159 355.339509456 591.732719123 492.943171996 506.511041313 170.232693469 432.893107659 425.64751512 188.796346219 710.896812756 460.972738993 252.095397846 654.122733392 70.6051974889 250.46464468 696.102471959 321.903213829 447.197183962 384.089720403 464.415189826 831.797986181 414.115148811 483.551586277 405.928843196 245.927611306 119.446340374 531.651389179 745.166262013
509.356967572 517.106806525 577.011160274 326.283541282 856.37307571 207.594447507 821.645767796 696.248093904 358.349609571 901.060187863 744.101223241 371.613702826 722.850734702 0 716.60361835 945.050185116 981.177661809 775.57740632 915.863566845 581.407962879 248.818134915 778.026242218 422.82426234 410.301786043 556.2818573 917.900228635 975.309546544 1108.9319637 392.876009355 1088.36721414 808.500328839 450.153031085 758.67608712 36.3173351331 1106.67786918 798.449277596 162.062631429 737.817010008 571.651285461 313.574362871 513.80794084 1112.54912442 988.801876466 46.7207192452 298.495373679 390.977784717 333.580804519 875.884355206 927.732738606 689.018314901 514.302496026 660.458788198 643.130121469 797.096833646 701.437110396 277.470000906 835.407458092 247.935118583 560.653938811 648.888768778 332.187182348 543.835086667 496.284781821 815.143688339 280.646816979 1004.794174 428.246390455 410.420879085 288.550611309 568.676293349 346.149667363 471.02351519 753.433569398 191.725817997 543.763613836 419.955971536 403.070870086 303.448641552 670.300597205 571.254565664 620.234115771 719.097116863 117.880793137 278.714506243 952.648444243 274.125790522 793.236558757 594.795240859 312.288726381 548.021215591 388.518905247 396.627257841 631.830209433 959.263364633 1117.4320555 928.734177169 654.617715285 920.051216672 607.443967896 310.297906523 82.5819168931
366.541639029 631.62032841 512.637781574 472.58404576 927.11215981 651.37483789 130.141336866 29.2883864329 393.767921481 457.674743534 435.079921509 452.472150176 159.748188423 716.60361835 0 431.751780413 473.221538649 573.689025525 625.604258058 375.531771374 773.091004466 106.43874961 294.19704609 368.668187091 526.732671639 515.041058911 491.735764318 518.320914309 365.53698879 491.908161752 104.015070484 302.428772101 106.338072235 710.336785826 517.186689106 843.342375243 557.456759994 643.746102012 428.620175222 496.002773857 204.304480101 508.119427653 637.260056763 682.361881747 515.208093041 671.278600561 406.521372234 912.97761779 735.172172993 99.9329754233 407.872313726 253.433078997 339.880808291 82.5474057358 499.9345065 650.934561759 122.249832008 559.768080056 462.904527702 857.490434423 474.073874503 238.274766026 221.65028196 309.067789733 938.678001357 525.88834094 614.624785552 312.689266893 526.497599451 511.355107376 573.150513996 455.476429287 395.780070427 609.25990296 242.054825428 679.169774466 406.958752355 561.05130506 46.9148570125 303.629313171 557.806184011 29.0486740487 730.769222701 438.544968739 370.416000384 709.041848774 178.951450422 140.57209817 757.725932887 213.935116949 522.167638871 450.217846125 321.505388515 981.059224221 514.367605053 643.299391651 258.176353164 383.223589057 207.757066681 591.333356442 755.571836867
437.473481917 585.808699252 444.156999702 818.595781056 706.866039727 791.498224271 493.500092812 419.299786124 732.550986186 84.6508647827 239.16330142 816.159670775 290.399300368 945.050185116 431.751780413 0 42.5456501525 333.098595364 280.018733274 797.580571572 881.891996303 506.733793384 585.092902546 536.435258871 470.789459895 136.94618759 62.2142671069 177.513314944 717.291009555 165.759456298 361.20048963 667.706589376 325.447974228 923.601296366 174.861431241 635.140468367 790.658103678 438.944622344 848.701122231 840.369047561 547.858788424 191.411309129 244.67987757 900.198664748 855.757963992 702.583471596 730.692762829 676.478089028 412.789463423 531.648521948 442.12238266 292.910091129 303.939299032 432.919015899 328.413034745 751.870630609 441.594995286 883.933917503 426.017706265 746.630948764 823.304098676 422.583500685 527.719382517 141.278354008 1074.62526635 94.7163096579 630.279022525 572.850516215 668.168250875 449.962645459 653.246082798 853.566715529 207.369971421 773.188314703 645.734317559 692.227758413 777.248336512 674.229709289 455.077893677 722.579241124 445.26383365 458.821381399 904.564585988 713.54860711 96.7616258831 804.204040371 252.833985442 540.646784705 831.562437183 612.254042731 593.37324538 556.476672802 750.453210764 717.064849794 194.052859021 293.282606092 689.041612848 49.8642189222 364.104673919 688.390401854 948.018997517
472.414567507 607.25904449 468.036583199 860.125502453 705.932660326 823.693274347 531.510333768 461.263084921 774.129894052 95.3845151091 262.30920421 858.131146076 332.932835779 981.177661809 473.221538649 42.5456501525 0 341.046327672 269.897566196 839.957359405 911.066973195 546.205870378 626.213083616 573.825544183 494.813644978 130.97220944 33.0911813749 158.511228949 759.209579015 152.839268779 400.266624735 709.973752667 366.8835359 959.026442971 155.783105286 637.111189983 828.026224203 446.987170945 891.142285773 881.801075958 590.160267216 177.084274703 222.60243415 936.023209295 897.041262055 728.258741065 771.892091054 673.806615229 402.057298079 573.151283042 474.547533015 332.942104811 338.479974459 471.968241535 346.943019145 781.959744908 479.059314005 924.609778474 453.568832081 758.255135717 864.909184099 463.054145295 569.588706756 183.205098232 1104.21399618 56.8659180943 656.050453955 613.221852729 702.001955381 474.282072353 683.401566136 896.065874273 235.703272088 807.028110737 688.270805196 716.598963356 819.414433268 706.233940769 497.219209409 764.997071656 464.557678815 500.058669932 937.820556333 753.240678457 124.137217989 833.241076133 294.275606641 583.139384704 858.724349945 654.796681152 624.074637061 590.218075243 792.473617936 709.813971263 178.430452626 281.282587824 730.8123444 90.0494945583 405.323115104 719.120473248 982.091126137
318.714252827 300.887030505 198.569818021 770.734948958 383.54190555 582.580742286 685.670819279 547.956967979 694.598631528 249.114445789 141.416948613 787.027153087 419.502913096 775.57740632 573.689025525 333.098595364 341.046327672 0 143.541049241 853.821140844 638.782339283 677.14817362 550.963223048 429.961615647 220.284500914 215.637515334 314.282011535 499.054098727 695.08834188 493.617261084 559.96350886 670.456966792 492.299175375 745.607903577 496.330503499 306.445471198 650.32809964 106.052228531 894.941062713 787.209638534 570.521486513 518.113233547 226.377055071 728.945319933 796.317003287 439.846307941 679.773898645 358.813776517 177.391697005 656.299666804 288.360794473 322.63737747 244.286884097 619.765354241 88.3653713537 523.998066136 646.508348566 804.229737343 221.869317469 418.119495532 777.880761251 407.425579928 530.884275351 318.259315864 828.889044065 324.600843846 373.412793976 519.939871491 489.221797785 206.903329685 434.170723976 861.057254053 186.278755144 584.575806785 695.153047566 420.479154849 761.948955159 472.823994611 568.980480004 781.713458548 161.545063716 601.997361209 700.902091616 624.789982145 413.52383092 563.466889327 441.851485534 613.806268296 573.948345612 663.12776593 387.067447051 392.172078668 831.995753347 415.453306261 519.458582858 154.362442513 786.44439271 352.381830237 388.97412098 471.881612816 751.738926908
439.092950932 442.569282288 339.967327459 888.705587742 442.469002378 725.316150795 721.216263812 603.68395274 808.695268262 201.873596439 209.613305396 900.578984017 465.85632225 915.863566845 625.604258058 280.018733274 269.897566196 143.541049241 0 943.946600631 782.081723669 721.608876091 660.152233897 553.275783968 362.823322297 143.114492044 237.453968292 415.489890414 805.051345391 417.029246471 588.19720944 772.859157265 529.945475675 886.620818216 412.896799159 380.830668946 785.564383108 224.811014371 988.88673613 906.708915599 663.745152234 438.603879838 87.4972185388 869.156624403 917.421825519 582.701363824 796.837594911 407.861303412 132.810067558 717.967209503 415.813593917 394.036056641 335.645218126 655.499649582 215.693948304 667.407704459 675.317364252 929.941523729 356.835602037 531.528918718 895.371254781 503.649851335 628.463070894 328.395446426 971.646394805 233.053533802 516.861598146 633.115158177 628.117358957 348.240761925 576.748289324 965.934308264 236.008379807 725.642499872 784.010745556 562.599420846 871.415698307 614.204617538 631.206115557 869.522819499 305.0767899 654.652040257 843.744124166 749.618375624 374.950021346 706.951918209 466.596889244 692.271535263 716.560879553 750.608281743 527.907535182 526.651198664 913.414767928 440.026307471 438.372378035 17.8286715206 861.469691668 316.734637038 470.335828781 614.537675908 894.284941719
552.795603338 781.257474458 717.982202444 255.151547245 1138.88368522 634.453415344 390.671012688 381.264445491 245.620724882 808.300324342 735.518470299 210.130297934 508.172018266 581.407962879 375.531771374 797.580571572 839.957359405 853.821140844 943.946600631 0 752.452783531 349.606498462 324.122846719 470.410043828 718.686848482 858.859351753 854.483050425 893.817722199 217.725078328 867.370215393 472.359914849 200.405603298 478.417903336 594.881256842 892.699714407 1057.85544372 471.428846373 890.443921563 53.6123655033 269.500019277 283.299724149 883.183800013 975.37766299 569.565058038 286.818880275 748.876767743 274.753069573 1137.10893211 1030.01946243 280.899026299 594.737612901 550.830115868 612.644738715 414.201965062 767.048741643 672.787829696 435.070191703 341.443305752 669.174082287 1003.11575204 249.501192678 446.403047786 323.916432686 663.248039971 857.477553152 889.294700844 723.078103827 362.553911374 558.078850958 712.725456686 642.537582038 127.816428358 708.902589156 582.439844827 159.946348909 769.564360026 180.853478964 604.959288744 343.976056651 75.524136111 774.27203253 353.699306636 654.259739208 361.4996956 744.520377191 718.488465638 549.175749298 258.246013789 774.010832273 193.402449597 620.981982518 555.117080061 71.9030772175 1216.40234643 889.460039897 961.614261884 133.744206146 751.174258895 473.621512452 638.15460605 652.062849258
461.102008428 342.769089829 452.180067443 512.636350067 632.517304483 124.598199354 896.209686154 746.967690632 507.458305122 820.22559215 651.75693721 556.861006032 726.064391974 248.818134915 773.091004466 881.891996303 911.066973195 638.782339283 782.081723669 752.452783531 0 857.978210334 497.824166175 407.878289191 426.248830606 820.500950551 897.226633323 1057.40343698 538.010172494 1041.21046667 845.535500145 577.877892406 781.689417864 213.934447745 1054.86276429 585.534214655 282.367995564 573.958342281 756.78946668 508.550145855 593.516392921 1066.81292818 864.448415897 223.106815308 499.555396432 200.582948997 478.376186971 657.479107379 762.701019576 777.501024915 443.985320291 633.536482741 584.548969743 855.329530685 583.516752589 131.942890954 895.084634821 460.83287043 457.961824302 415.315212647 520.428337494 550.980011962 559.976046996 772.987765525 193.420459013 921.220429118 265.587754758 468.18219251 247.251076728 444.679020667 229.552661801 664.084683826 675.467586379 174.136330067 668.191532345 224.224215102 573.770058497 219.611918333 731.875195211 721.145794643 477.492101059 784.668854211 130.998050796 394.528556997 914.457763111 77.8628448217 794.46175463 682.456699427 75.2185435882 660.120879005 290.223247866 342.94832347 787.010245175 738.055203536 1070.6713404 791.566250629 791.424811235 869.251919034 607.428403367 197.047259065 174.782010388
469.83727713 735.498044816 618.702510868 502.79774413 1033.41468306 734.404396942 45.5283519737 135.133880776 433.683055308 543.904906351 537.315776712 474.296779043 258.762852668 778.026242218 106.43874961 506.733793384 546.205870378 677.14817362 721.608876091 349.606498462 857.978210334 0 364.785786539 460.989087125 632.3533113 603.65255212 568.51290781 565.448686129 401.398195088 538.770503187 146.182269038 337.603204983 191.813499499 775.897779977 564.767642853 949.67056004 624.096534123 749.449378278 402.787310951 525.565013702 268.509327221 551.003375013 726.559856157 747.733347487 545.526659984 768.613722778 452.121060339 1018.97212182 835.255006508 90.2420327791 511.993448984 358.967383584 445.933616837 75.0986360027 605.148879079 740.272180733 85.8535764501 595.234608262 568.749725319 962.341832048 502.519464391 339.475072959 298.154577416 397.447686272 1015.31996611 601.387967786 714.641998671 390.478787292 614.070405625 617.278113951 667.688165199 452.5558068 496.386692248 689.396510949 255.207916462 778.086350838 428.112231689 651.611778205 131.960753645 288.637423906 664.212146155 81.955172974 804.765470896 500.167960764 432.485349764 797.61279617 259.591508338 183.33233203 848.142506005 238.062270579 619.425240399 546.358801497 283.734006994 1086.42917618 557.349177046 739.115720261 217.435695565 456.958288278 313.634525528 683.089661103 824.716766003
235.860898185 458.500493745 397.034052048 235.499167563 814.941129828 373.30060309 405.955313735 273.424802847 150.921678038 567.078577121 452.221258355 241.185113654 318.522180375 422.82426234 294.19704609 585.092902546 626.213083616 550.963223048 660.152233897 324.122846719 497.824166175 364.785786539 0 146.476835031 395.871885969 604.663736469 630.352767003 727.210881065 144.966042733 703.651108613 386.235816643 125.222265522 340.981022512 416.161082942 725.31392366 734.270670955 263.277234547 574.048769732 355.723533843 256.372401028 96.5478511652 725.614072542 707.939538525 388.17015244 270.985439311 442.376345227 145.72834385 813.949004637 728.242006733 280.711050536 274.985064959 295.12803539 326.137713885 375.520008643 462.604898894 389.012676132 414.427472694 299.946773391 350.018542015 683.402685171 241.009191104 165.225683827 73.6731115468 444.324741587 650.534273706 664.117140264 406.366222309 38.9277010467 262.951158282 391.266811424 335.010093008 310.387215346 437.923792818 326.214636721 187.804691101 459.299306101 211.601074227 306.434974921 248.362087798 264.093089629 453.882177304 298.690231254 440.156188559 146.839997235 566.832545017 443.629578418 385.783371304 184.981722781 497.042157464 169.857362307 303.303132333 233.601159372 327.792780138 894.059015105 731.175541265 677.018426524 310.915893196 548.704114605 220.99688637 339.972824397 462.186034146
114.363331907 312.393441913 257.673040184 341.544909208 669.36926129 290.537239746 495.640256951 341.427426258 269.667122072 498.781420516 355.742814227 361.287898188 324.214933696 410.301786043 368.668187091 536.435258871 573.825544183 429.961615647 553.275783968 470.410043828 407.878289191 460.989087125 146.476835031 0 253.226412405 524.024865525 570.498855052 698.631039804 276.642365829 678.128739357 437.659961026 270.568560146 374.741485739 391.607299234 696.379045819 589.34771512 254.242046271 438.350317207 500.350325759 357.40956107 218.219434162 702.406070369 612.645397655 366.676323445 366.363224523 310.643104828 251.798087391 669.541348944 604.566285865 389.500412655 142.143617515 250.36248691 239.965768898 449.996229859 342.982905709 282.622853267 489.608953537 376.667409975 214.812502298 538.723273887 348.920829857 144.517039119 175.229540452 404.852211985 584.035044085 601.599497771 265.632145216 107.856924352 160.900640838 251.129126013 207.02214676 446.186821595 354.769205015 256.074950617 331.073920265 323.636153554 342.174711104 192.46633573 330.502712995 410.140509785 314.596348457 383.248278003 387.094644469 196.342641513 542.749196305 340.971225349 394.414016885 301.756361366 389.061056527 308.714460441 163.855489552 90.6141015562 472.983870165 750.522731107 707.240802216 568.983121555 450.927037891 509.928663413 204.902030462 222.752241006 423.403997047
171.654554584 120.104421504 26.7930751149 587.747989786 421.631613704 362.49598995 654.876974486 497.574085945 521.333205278 400.874542281 232.526752749 611.724076292 407.364322467 556.2818573 526.732671639 470.789459895 494.813644978 220.284500914 362.823322297 718.686848482 426.248830606 632.3533113 395.871885969 253.226412405 0 395.336097289 477.342686405 648.295952581 529.806523494 635.52070988 554.01562048 521.094135137 480.835982823 525.766561025 645.638528618 339.557304325 438.372487099 192.362721424 751.591508423 601.033419029 446.827984075 661.334655162 441.363421426 509.774304314 607.047872827 234.409856523 501.301817088 418.424059825 375.420983251 583.788621099 127.338951308 293.169059719 211.2785035 594.85306422 157.270895782 305.744913348 630.13989697 606.671385518 64.5024972482 332.281062403 595.593078981 300.886945863 402.346078508 387.506294601 618.998814732 498.75388989 162.902835737 358.746976358 272.715601149 21.0730257446 213.960375356 699.343532107 264.962957151 364.835367658 570.170343514 221.787042765 595.004872269 252.981731367 504.414962667 653.855728078 66.6876840971 550.537399946 480.922138058 432.884380236 521.562272385 349.182724091 459.84524043 514.627127218 367.239426307 542.89864777 168.230121172 188.574380146 713.208717889 498.187620654 664.370167698 374.501132988 681.227431546 468.010647734 318.991665688 251.726760937 531.539427079
412.889133031 499.494779555 368.906712896 839.697499151 574.969529616 744.503504619 597.952048101 496.652900801 755.576407063 62.1976455831 174.018075902 844.679227904 358.191962914 917.900228635 515.041058911 136.94618759 130.97220944 215.637515334 143.114492044 858.859351753 820.500950551 603.65255212 604.663736469 524.024865525 395.336097289 0 100.814072497 285.652043498 746.193795138 282.915189491 463.65142933 705.083385861 412.949540489 892.425263732 282.950804588 506.444663882 773.220121029 320.382713844 907.116960348 859.794914694 588.743953187 306.342066566 122.915563863 871.611363197 872.96182146 629.242089581 748.462024532 543.038819252 275.850142594 612.134639626 403.598569192 314.262010189 285.17276038 533.617033622 239.255427936 695.622286881 549.203181357 893.462660005 365.656063076 633.638043889 845.48084916 440.065979568 559.750419707 206.558812791 1013.71840777 109.154573545 558.193877006 584.237063786 631.220794425 376.15003804 598.616950247 897.203054268 169.692303073 734.758871702 700.787992122 614.350312692 810.392165194 627.857390916 528.286586644 783.389093461 354.650921712 543.771588674 861.726892268 715.486167459 232.028878911 742.913342377 344.238810958 601.395956032 762.553698824 666.828269178 542.266254754 521.307808566 820.333798105 580.905090071 307.075551182 156.78686243 763.551254553 174.828694818 393.151536727 635.820539371 909.074349765
465.952601498 587.501692482 450.557927916 865.24786281 675.040972243 813.083038859 555.673961713 478.229790374 779.511333532 77.0018151608 245.859057368 864.978755919 346.343335847 975.309546544 491.735764318 62.2142671069 33.0911813749 314.282011535 237.453968292 854.483050425 897.226633323 568.51290781 630.352767003 570.498855052 477.342686405 100.814072497 0 185.124963188 765.920843101 182.184898837 423.1842561 718.526199072 385.62476007 952.204242347 182.41258878 607.184786798 824.189143132 419.837767288 905.091840186 886.574825992 599.101820298 205.529316636 189.771217528 929.772827912 901.325714446 711.5373407 776.048787599 642.464655864 369.34878408 591.489447246 465.04966514 335.465210382 332.309982674 494.883476304 326.227234041 769.188159522 503.807892834 927.15720843 439.2658651 732.264831905 870.291184094 465.910360083 576.374945662 192.537102095 1090.59615348 34.8733645153 639.548759726 615.43492873 693.495497092 457.128440457 670.871722235 906.532142734 224.175112536 798.354689723 700.918760574 698.833253595 827.260285105 695.604117261 513.394863938 779.234277175 443.727109568 519.142840698 928.285349568 753.701005869 154.137916788 819.364399144 313.145205912 596.746772533 843.089561988 667.218042704 612.234368807 581.855085311 808.94536697 677.471750086 206.30743277 248.536978979 748.239630245 112.013111201 410.370472311 707.107710476 973.496535254
606.706020323 762.927181008 621.652641862 953.777253423 857.093774606 963.844878152 539.021963 515.022552657 868.021044469 253.367798003 416.418182012 945.236732602 411.763856339 1108.9319637 518.320914309 177.513314944 158.511228949 499.054098727 415.489890414 893.817722199 1057.40343698 565.448686129 727.210881065 698.631039804 648.295952581 285.652043498 185.124963188 0 848.335962408 26.6950818174 424.637479079 792.79187523 418.192857282 1089.4298477 2.72820951883 791.134306705 951.229826899 604.80457843 946.941029169 976.478170559 674.299522382 26.6023555611 351.060729194 1065.05627867 993.336752583 879.916530494 870.263577522 823.237180489 543.53242623 614.520569529 615.281496862 448.83686552 475.217453053 491.236342548 504.053069622 926.734002021 485.29145919 1026.80515739 602.984158539 916.649469387 957.531429542 572.555219134 662.526925175 293.80573377 1249.6351024 182.492313561 807.614915339 720.934018709 838.223831374 627.47526318 828.202043795 967.73205732 384.568479061 942.896339259 754.130611532 869.731746148 903.13553086 847.100628355 553.031651668 821.705867992 621.444733334 540.63905641 1075.01343165 864.336699458 160.383200541 979.892453912 352.499172598 647.650844279 1008.35304568 722.526769937 767.932024388 727.151775327 837.457127238 853.074619515 23.927409679 424.018505639 772.167867892 189.998775704 510.067463715 862.724257879 1116.84525433
